100 100
366 551 837 611 365 345 633 421 970 574 961 716 376 66 352 24 649 289 82 533 422 13 184 886 14 576 786 997 304 891 856 572 685 492 946 179 801 829 753 62 6 781 630 829 376 831 374 478 86 77 540 60 49 978 656 676 125 858 355 849 303 271 146 953 998 335 655 159 105 441 408 985 363 397 746 528 108 525 615 221 538 623 584 448 649 458 589 942 692 845 476 881 619 848 467 503 560 622 695 25
779 110 613 827 819 6 456 64 944 54 38 176 589 823 423 673 101 341 526 551 56 997 410 131 755 28 76 858 207 416 421 33 911 674 118 649 662 659 885 674 399 121 555 643 398 449 966 355 8 539 958 851 523 242 545 42 705 322 769 753 746 396 529 632 636 401 261 873 647 535 69 354 277 935 21 814 286 851 100 431 53 303 684 476 830 911 464 60 513 596 398 337 76 281 387 617 927 404 124 308
701 925 285 722 283 442 645 46 180 495 770 882 762 636 599 700 256 26 979 177 123 938 730 871 489 719 175 324 380 49 58 746 385 59 192 954 508 591 613 585 125 794 287 394 338 405 653 23 828 990 460 373 474 831 955 216 497 979 579 546 838 572 412 235 255 333 658 18 339 107 222 7 670 124 516 978 182 630 635 859 551 28 191 165 290 372 542 10 118 574 227 91 770 734 314 493 525 561 766 794
167 477 585 758 170 44 376 740 496 5 651 525 913 510 188 25 354 165 896 565 649 595 589 317 307 461 999 63 419 719 392 853 252 190 786 275 785 56 267 133 574 405 940 801 231 478 99 184 369 853 14 604 264 73 493 705 149 897 853 265 877 303 864 286 762 754 254 917 692 39 87 108 649 153 371 367 681 283 146 536 880 102 725 841 938 645 792 977 558 815 631 105 335 414 980 349 297 268 840 58
754 19 86 397 917 201 494 670 658 585 16 653 543 148 111 556 992 141 411 331 537 82 623 602 686 747 432 994 99 94 851 787 299 585 763 48 195 227 971 392 281 107 453 822 187 605 462 641 814 837 714 359 455 3 90 618 33 925 276 777 722 606 490 282 330 284 660 763 96 576 234 110 395 621 228 458 852 769 365 310 113 511 526 931 733 577 675 897 61 515 463 722 979 994 67 273 648 274 493 748
458 564 864 560 890 51 61 647 692 271 368 599 938 118 635 102 597 565 118 328 768 583 489 301 538 691 533 542 747 597 177 246 726 767 570 179 748 784 577 727 91 51 56 831 666 225 366 681 954 187 502 501 915 139 802 172 550 975 309 869 938 733 35 795 414 732 447 63 248 687 855 800 149 475 222 830 588 643 164 741 222 522 975 925 389 648 256 747 592 247 697 714 752 709 143 172 513 103 853 209
870 688 452 212 738 311 969 752 326 807 247 834 74 801 977 130 87 826 928 144 9 236 522 792 802 329 565 798 679 629 623 519 315 556 612 689 355 982 805 964 42 157 533 740 446 892 224 936 948 968 507 770 482 435 271 697 196 724 453 359 697 657 437 711 499 204 402 544 626 847 444 665 745 770 961 916 361 9 730 229 699 227 664 760 745 819 31 553 183 156 285 301 606 415 823 880 898 603 990 610
604 165 504 976 328 308 306 789 668 267 714 788 450 628 152 255 807 881 839 571 341 700 856 451 796 994 154 693 113 305 628 173 672 12 118 83 528 85 316 213 228 886 303 604 961 131 117 366 514 118 831 511 154 196 749 976 668 501 567 296 804 738 488 116 158 805 845 242 871 141 438 180 273 582 711 879 725 457 439 471 951 278 133 309 862 993 323 277 378 937 436 322 479 724 425 257 128 277 170 926
888 797 176 875 86 625 914 412 279 831 92 62 898 32 125 692 480 90 259 31 327 835 877 255 504 615 856 997 162 262 331 898 507 419 370 761 566 904 768 148 426 905 357 418 895 842 933 358 964 866 579 693 935 876 167 165 335 968 642 211 294 228 81 225 418 452 710 892 799 348 634 177 67 43 484 889 930 836 819 174 709 696 401 187 546 139 164 886 125 657 876 940 90 137 949 922 194 875 449 306
933 677 240 722 23 778 599 953 558 355 527 807 652 580 367 847 364 467 969 300 62 963 798 160 701 38 50 884 618 100 722 778 137 186 572 536 763 343 371 90 986 864 31 299 346 501 999 398 583 329 458 229 86 118 334 90 741 918 710 256 57 106 636 11 43 220 372 742 706 394 748 946 210 500 227 781 317 891 691 14 932 201 783 717 446 898 772 42 268 268 135 755 707 450 555 83 269 393 641 533
748 557 568 375 761 400 629 758 320 80 184 958 863 948 808 170 14 557 515 503 136 162 609 248 528 411 123 577 707 674 483 705 259 54 246 251 321 307 578 605 28 256 566 40 419 810 14 859 675 167 452 192 641 41 458 753 974 381 382 607 914 517 238 695 716 837 242 896 640 90 709 844 361 762 961 875 481 922 958 979 107 86 362 364 461 707 386 268 535 914 111 286 0 242 229 934 948 286 799 286
668 339 415 972 245 135 552 485 584 316 523 136 365 405 470 642 736 460 718 304 12 887 591 309 748 18 933 561 924 90 734 818 524 451 22 75 412 473 868 432 991 420 385 666 94 905 733 678 948 226 657 170 469 200 547 514 323 420 257 141 202 465 400 2 656 623 944 444 894 985 827 160 821 441 663 18 59 171 880 966 617 982 757 16 825 807 726 434 705 804 806 480 521 928 413 162 569 244 910 276
26 911 155 328 221 953 777 631 604 865 559 847 874 143 966 238 353 948 725 111 812 737 140 895 943 527 624 366 949 392 640 248 307 963 877 430 248 31 665 137 637 136 928 230 898 171 155 372 20 240 90 760 471 895 725 206 626 659 278 588 210 613 74 35 842 218 255 293 382 87 826 959 553 756 121 155 695 115 252 802 131 525 6 80 527 273 726 125 325 526 122 529 145 990 203 72 86 950 245 598
819 148 496 480 157 135 547 858 837 691 545 914 56 942 707 136 799 767 60 277 898 989 537 212 740 363 963 293 483 698 341 313 875 225 622 140 231 131 736 962 826 904 458 670 219 877 469 986 474 360 611 778 203 595 777 114 570 317 762 22 309 968 453 362 802 682 89 962 154 984 637 455 184 42 966 961 110 44 24 787 359 10 761 808 626 333 600 500 519 35 626 75 863 246 232 511 970 866 336 38
704 897 92 171 76 315 756 690 635 927 299 235 800 401 239 279 486 663 25 798 665 569 293 241 20 172 171 117 852 815 132 69 986 915 379 333 691 617 845 732 982 654 243 270 503 790 470 279 841 240 918 351 539 631 745 617 75 931 411 201 79 786 111 106 925 589 368 961 304 998 380 131 154 49 728 472 561 376 825 589 117 997 325 175 861 162 199 597 442 661 839 353 788 629 634 860 936 700 725 10
953 376 45 3 218 133 85 586 427 546 643 88 154 36 621 490 683 190 283 890 528 118 908 137 268 72 780 375 983 949 738 492 108 302 18 310 196 783 626 1 995 347 409 423 926 736 86 808 71 607 817 529 667 935 956 418 206 983 491 725 226 67 659 366 878 817 412 439 575 984 76 230 638 952 820 644 910 900 547 242 256 709 736 640 614 364 561 345 532 46 921 219 491 906 877 355 261 637 567 401
880 611 505 911 818 602 667 797 905 56 763 308 319 983 745 600 725 294 603 778 536 722 398 941 841 956 233 756 228 35 954 23 6 845 658 808 482 997 229 547 713 124 167 40 488 542 656 90 390 926 866 197 384 737 68 742 777 175 72 676 45 238 246 432 386 645 804 858 585 67 343 18 783 341 114 725 201 233 294 495 530 66 337 797 905 669 193 897 676 901 301 734 356 501 589 997 884 952 977 429
170 92 881 508 21 592 208 997 259 809 998 160 422 943 322 313 112 926 284 585 640 605 64 866 156 795 156 762 461 748 558 556 924 1 560 620 126 787 384 110 481 861 279 5 188 325 84 509 278 762 371 288 384 153 942 31 359 560 814 74 643 521 985 920 701 270 439 576 228 5 604 822 619 893 474 789 454 917 178 437 279 323 169 17 968 182 237 596 119 808 933 725 251 269 839 237 38 191 612 489
224 924 949 230 310 264 734 17 138 327 450 964 296 332 964 52 471 431 38 853 524 64 49 509 106 909 276 250 971 326 829 534 280 366 806 146 446 365 561 278 432 581 41 251 675 566 121 16 48 674 374 206 364 375 551 438 248 811 42 888 181 843 779 295 35 813 487 649 874 857 849 175 567 987 88 133 737 646 152 14 493 911 140 237 344 827 795 805 489 392 354 584 46 359 952 808 265 319 842 659
811 589 732 716 900 53 767 800 100 218 640 635 285 273 159 16 671 738 364 68 673 580 715 511 945 63 202 805 409 781 195 403 781 460 432 73 438 430 40 450 174 710 604 933 899 838 480 342 37 771 382 848 589 72 888 282 498 665 901 928 578 759 640 225 829 342 477 368 219 478 259 425 208 351 471 577 969 989 641 660 273 382 213 708 827 584 877 910 354 855 862 208 127 463 834 403 435 460 679 44
904 411 588 99 853 784 132 921 107 728 305 652 750 804 975 493 574 357 324 103 107 791 146 817 532 406 189 298 836 322 730 124 742 310 129 996 764 114 248 875 455 1 828 732 192 424 85 189 66 208 977 767 13 285 476 749 191 802 270 178 905 645 638 989 579 60 723 510 651 888 761 641 284 276 932 250 347 290 246 42 191 88 478 951 702 524 125 80 213 531 565 306 316 794 320 14 308 381 981 655
362 411 241 690 937 570 962 554 530 162 462 350 729 765 712 74 695 808 95 241 894 393 397 467 595 207 440 913 901 688 525 1 586 802 925 192 43 410 380 828 936 916 390 924 282 594 214 321 519 842 360 527 291 932 324 555 440 217 441 616 272 530 311 744 144 432 3 961 510 330 853 27 28 780 42 458 351 741 917 210 540 338 11 112 453 453 946 36 68 649 73 581 41 575 728 459 486 732 473 373
363 704 235 108 371 96 511 379 182 352 728 994 721 872 111 204 311 939 153 673 249 599 747 728 621 11 11 690 973 825 548 21 286 531 665 862 165 930 777 178 308 200 55 241 153 799 656 724 914 482 651 628 502 39 805 854 36 763 228 55 799 296 877 328 922 866 834 693 545 856 484 153 117 603 946 307 520 287 616 948 675 499 650 17 94 12 551 452 398 848 3 91 946 735 655 275 530 401 150 852
63 319 171 788 121 821 400 668 404 904 880 676 715 810 71 154 768 729 481 625 6 6 359 993 222 350 267 62 134 168 697 251 322 353 166 707 860 779 850 994 618 174 176 286 508 883 416 772 772 925 91 879 733 385 543 953 720 823 576 907 762 569 730 715 561 891 827 543 26 135 143 782 746 525 825 17 177 974 778 128 471 951 148 891 846 525 443 19 264 96 745 324 551 477 383 893 36 380 437 797
882 27 938 519 385 107 852 901 475 573 705 213 693 546 461 672 125 289 95 436 848 67 957 751 504 570 188 990 496 929 400 693 395 664 149 469 954 244 983 479 914 135 50 866 647 770 97 741 391 571 275 278 837 908 386 972 154 136 582 284 373 687 736 705 197 476 409 342 599 746 896 466 603 625 904 664 622 557 385 397 57 488 177 317 851 583 207 219 967 960 668 387 860 104 804 706 8 29 788 83
921 501 659 502 448 270 947 971 244 90 570 651 269 610 939 964 691 710 767 320 578 7 67 388 72 938 920 669 438 305 353 27 95 16 430 760 975 729 520 196 398 211 54 148 171 935 351 748 846 744 887 901 623 981 130 655 860 566 941 534 372 164 873 931 950 236 798 646 988 779 44 570 281 672 993 155 927 104 377 72 217 895 707 352 262 69 895 523 288 597 702 838 719 190 361 32 308 947 874 669
350 6 129 871 587 31 92 797 647 620 286 346 832 169 819 64 415 593 555 49 559 944 485 299 400 776 960 290 180 204 986 917 549 842 556 583 366 644 290 708 715 894 341 476 703 487 516 406 276 252 884 454 918 240 968 899 724 57 653 15 453 474 584 590 51 967 51 445 108 464 164 793 372 713 792 781 481 240 614 543 27 538 819 569 713 797 385 394 280 230 748 488 886 177 599 7 842 1 729 407
590 428 157 216 905 595 542 447 312 431 681 989 669 977 616 743 384 211 675 847 484 611 468 787 225 583 916 432 47 416 836 963 534 917 56 998 146 690 91 697 961 938 580 244 222 422 383 139 636 0 539 174 111 560 351 931 230 47 259 864 963 112 427 230 632 300 520 681 103 452 38 416 666 804 512 865 537 896 21 808 387 972 683 128 762 998 983 885 126 683 660 735 325 265 590 557 0 195 571 747
432 850 167 133 475 136 401 536 24 660 217 827 114 614 654 764 140 264 19 363 227 819 273 667 280 192 221 929 320 993 226 556 702 781 997 952 243 737 815 615 943 235 466 829 836 251 81 522 713 533 828 576 573 790 767 304 885 894 610 793 611 269 255 815 879 229 906 773 601 226 36 185 157 417 425 982 614 273 514 361 479 33 84 559 155 736 761 11 63 242 765 243 563 173 338 64 965 578 245 157
475 649 216 449 681 981 654 906 581 543 198 38 786 881 918 561 854 204 2 155 138 541 245 560 657 151 661 450 446 278 351 22 470 702 971 882 449 734 48 522 856 386 442 659 41 135 502 490 508 940 600 265 154 5 528 195 360 448 175 513 963 721 576 378 761 447 202 609 523 610 223 872 684 903 739 763 853 264 297 111 603 291 849 554 635 861 874 209 379 8 524 649 432 526 363 479 58 212 198 177
404 505 38 16 186 398 599 299 40 534 511 859 124 78 704 797 987 438 555 926 355 541 9 677 355 694 319 578 264 750 11 753 507 639 598 323 570 31 678 719 799 574 20 35 802 979 129 249 118 948 133 863 47 388 390 679 333 521 423 397 698 138 163 116 145 735 850 89 820 594 746 499 963 224 893 676 643 779 184 561 566 314 503 356 87 686 920 328 541 668 951 336 959 786 759 30 539 224 488 114
326 839 907 365 400 580 160 672 729 0 637 533 73 678 531 716 962 793 70 196 109 355 945 266 909 778 837 731 83 113 302 739 244 927 278 885 105 33 603 924 391 898 780 964 762 558 876 186 68 120 591 490 314 544 863 112 573 13 848 170 54 429 949 401 466 139 757 283 150 626 376 316 978 61 450 471 142 384 584 777 485 3 642 398 746 961 223 266 370 733 176 997 889 976 46 623 289 742 632 980
796 958 439 531 741 238 818 647 409 876 352 851 617 743 736 43 940 438 765 168 528 418 435 364 997 825 804 534 256 904 278 171 83 884 602 377 877 886 533 481 735 839 824 388 331 197 552 756 9 793 52 243 529 456 319 341 713 579 937 788 884 316 812 378 97 789 95 15 512 639 411 709 813 153 550 420 796 783 503 326 17 47 917 117 642 272 410 849 518 22 870 193 936 401 587 289 472 468 900 999
208 527 873 230 254 924 121 314 381 730 611 670 847 593 718 683 433 7 479 524 838 204 465 303 503 130 623 201 953 319 685 182 929 605 592 115 819 533 181 488 74 635 162 324 428 809 162 37 205 912 54 893 319 421 46 438 926 211 869 687 506 840 649 192 872 971 584 27 259 304 936 682 188 947 834 332 559 925 903 839 287 916 894 205 105 752 796 69 696 406 741 598 242 90 653 942 889 24 105 52
89 138 855 743 794 399 405 553 11 590 407 699 104 822 879 221 896 596 822 476 323 313 547 618 278 486 235 588 134 462 910 507 606 120 128 845 134 60 131 597 912 397 295 198 284 442 331 430 567 564 982 224 230 707 222 841 925 697 260 856 497 498 497 2 964 592 56 986 178 319 321 995 98 158 134 51 694 332 990 375 584 418 206 534 431 361 399 830 643 248 128 591 15 666 843 373 122 206 56 800
466 353 484 257 802 762 587 428 156 767 731 739 771 17 799 726 640 206 658 648 478 319 364 528 922 545 109 843 673 439 373 9 76 742 630 588 85 781 862 379 168 854 63 969 671 144 566 941 677 454 418 761 175 12 909 757 992 311 966 712 685 156 505 804 563 220 49 472 250 35 831 680 980 95 671 699 101 413 352 458 743 193 556 672 826 76 777 957 825 582 33 162 877 633 665 485 605 740 485 613
459 55 942 883 90 959 889 713 707 3 292 386 969 711 895 938 3 694 959 359 284 286 219 48 445 647 346 373 725 643 488 951 838 344 347 346 779 144 470 62 363 337 182 850 704 918 797 384 506 816 92 979 606 812 675 988 422 27 648 87 919 677 195 454 375 468 81 501 840 986 811 500 556 950 844 59 928 889 96 364 474 772 258 345 584 597 473 97 404 118 591 144 780 663 919 614 789 118 327 588
300 373 257 604 601 736 819 839 565 304 693 483 909 404 155 986 976 566 834 89 249 771 99 692 995 258 335 213 182 749 177 912 422 668 91 807 295 670 757 942 246 174 872 272 334 224 766 989 968 880 919 737 83 411 108 305 593 646 215 965 887 770 384 386 779 614 271 37 982 764 62 140 92 285 390 618 79 418 108 718 771 236 522 98 386 455 663 223 808 182 75 896 774 655 670 781 599 947 67 2
999 208 369 920 602 400 447 941 125 684 21 668 388 389 802 408 710 670 34 770 518 139 585 882 238 722 539 867 889 400 712 137 992 360 219 128 304 503 58 54 29 772 232 361 87 211 690 741 382 25 61 63 903 553 29 61 317 532 984 966 851 386 638 702 78 318 570 847 576 986 956 796 392 609 710 986 344 890 160 815 745 729 791 65 583 926 285 48 193 919 455 483 744 963 493 61 397 450 954 875
655 357 307 942 794 28 104 371 805 31 940 703 626 400 353 83 709 457 611 589 955 804 601 351 116 821 661 796 448 865 545 658 47 267 893 983 67 948 529 92 744 520 281 66 750 697 491 665 581 17 484 837 546 199 642 58 318 239 277 830 609 311 153 910 226 341 59 612 944 735 697 970 982 836 937 836 453 189 194 71 588 413 509 519 573 300 546 552 384 573 315 387 822 599 958 405 918 284 990 262
530 242 398 48 192 202 278 722 588 975 800 870 864 325 766 903 881 714 67 524 159 387 422 57 810 792 294 947 183 565 600 670 325 112 344 414 82 473 783 158 109 680 41 908 789 506 479 864 557 627 754 448 698 495 547 728 812 37 38 335 244 675 410 688 790 218 887 197 685 827 352 594 761 401 9 111 879 488 769 727 132 302 476 844 621 156 814 160 27 73 230 815 571 283 920 724 297 472 245 761
373 534 432 64 875 388 288 435 81 297 617 514 960 115 290 324 482 934 854 992 647 463 392 425 518 471 835 510 351 450 184 715 303 716 132 123 256 170 625 535 187 668 1 359 34 892 348 95 780 656 27 166 226 827 7 536 112 528 231 606 743 705 882 953 177 748 478 298 202 446 804 360 902 625 610 392 855 41 487 923 572 406 321 944 211 722 974 918 566 823 577 646 574 67 910 838 136 692 510 957
516 142 543 87 827 518 117 359 475 960 902 703 125 445 787 192 407 442 634 466 457 9 49 257 13 245 654 381 442 424 654 267 463 112 286 138 290 688 900 955 228 344 43 142 14 260 402 152 809 194 223 662 455 384 76 250 233 581 536 897 329 24 742 596 90 671 300 433 950 920 531 170 402 11 133 840 539 395 24 829 198 995 48 115 644 832 588 760 389 776 285 439 751 609 562 247 434 31 158 727
825 138 173 299 29 53 445 565 309 857 505 72 382 392 524 832 589 774 581 213 662 251 692 631 954 239 715 343 899 780 739 616 953 106 185 385 180 197 615 545 787 948 559 499 26 834 559 679 219 460 849 914 853 972 238 946 290 878 133 740 643 917 361 193 733 872 380 500 566 145 972 493 777 38 911 906 257 258 601 266 599 443 309 189 709 926 910 689 433 678 236 916 131 132 335 260 261 666 64 688
836 833 188 727 437 41 435 623 828 785 834 868 520 871 742 194 580 244 649 603 390 466 674 359 33 965 930 214 855 851 557 605 82 695 922 773 523 471 607 974 564 480 496 282 296 906 600 483 180 928 765 530 327 226 963 343 610 982 930 210 500 362 135 288 726 715 768 231 799 831 353 958 871 416 427 493 942 786 671 441 542 69 114 543 582 522 870 419 212 289 437 244 330 535 101 156 927 129 82 490
301 366 527 781 880 391 690 908 836 154 123 912 591 175 885 230 28 214 916 783 998 419 182 852 46 656 351 107 93 25 203 589 410 894 938 223 8 446 451 44 560 483 372 799 686 479 790 433 464 244 880 534 173 840 457 548 926 293 67 787 83 109 795 35 966 198 630 530 14 296 343 682 248 841 34 317 405 751 396 243 55 821 817 923 39 399 624 88 727 404 623 373 558 509 555 498 745 874 545 619
600 76 187 655 992 785 863 154 442 211 515 910 224 954 531 95 198 926 147 999 378 466 690 829 491 193 789 478 264 111 101 699 134 382 776 146 19 221 649 131 786 351 562 843 41 464 354 669 57 955 937 696 622 242 56 81 897 822 766 279 891 627 862 917 299 526 467 515 890 382 442 488 238 676 446 619 457 869 506 989 241 419 959 980 194 664 806 740 944 394 23 712 192 832 139 601 595 118 51 584
240 227 901 416 960 448 437 704 882 420 922 503 828 116 162 682 876 62 511 312 570 665 670 301 86 7 499 443 59 649 449 846 459 889 750 245 633 954 49 372 510 44 64 309 515 175 688 271 171 554 795 595 935 152 368 393 355 620 423 524 385 557 25 914 788 716 510 301 677 481 960 100 773 297 213 937 587 693 150 991 390 417 620 525 811 964 667 621 546 458 495 730 763 624 121 969 735 955 498 796
574 253 375 592 104 938 646 1 458 105 555 468 874 646 414 128 111 334 814 13 976 748 817 201 427 838 326 561 550 637 311 179 981 185 638 340 967 927 60 122 225 523 304 249 460 729 748 310 999 985 939 511 102 458 206 807 445 426 890 861 16 980 696 320 624 874 855 702 602 344 446 981 481 898 674 352 694 930 37 724 627 561 802 275 705 298 62 352 492 922 435 564 335 838 207 252 270 803 926 4
45 549 103 876 110 254 490 464 278 826 548 27 204 117 429 616 409 498 603 818 732 579 386 56 406 986 753 11 13 469 916 459 912 860 891 722 454 141 77 471 419 110 827 955 980 492 742 569 418 225 405 85 480 311 980 886 739 618 181 339 515 585 276 751 447 950 830 958 70 707 67 846 353 391 929 830 215 621 277 514 20 31 229 574 196 915 680 788 427 849 304 509 240 289 880 921 771 556 377 272
357 944 980 185 247 765 0 224 271 809 674 608 217 526 936 482 196 90 228 419 671 264 849 998 914 700 898 729 744 741 742 562 593 725 852 176 90 739 49 48 207 415 715 562 132 159 814 231 443 35 541 92 815 167 960 86 574 173 755 607 390 14 332 544 120 63 291 632 385 326 611 416 524 3 16 925 938 766 757 41 343 819 332 459 694 274 533 547 141 965 369 438 117 273 895 564 655 217 629 480
740 356 602 393 306 718 961 106 217 550 537 244 590 323 653 555 203 582 931 438 576 929 54 134 654 145 358 437 966 352 285 447 88 657 419 813 40 86 906 946 347 840 104 286 863 758 908 163 961 892 100 648 775 839 999 424 478 835 455 495 157 752 154 2 506 220 692 592 191 634 887 107 39 241 232 732 877 280 659 682 897 522 38 847 378 620 739 556 592 295 898 202 202 92 503 797 961 370 250 425
529 931 610 205 566 634 185 369 280 3 595 684 281 60 859 670 300 456 219 621 264 634 377 638 152 507 369 875 790 888 759 772 755 966 661 681 862 782 164 286 711 54 972 463 672 6 22 760 340 411 360 352 158 62 833 961 716 503 70 611 945 913 253 854 762 411 935 520 832 142 857 959 297 912 867 602 761 299 115 904 83 207 484 4 152 473 807 809 777 13 689 689 713 590 939 95 175 285 984 833
626 654 111 388 614 141 11 512 411 654 381 67 415 213 191 281 940 536 47 919 623 670 559 8 119 769 309 50 143 855 627 424 80 904 924 582 423 357 39 625 327 87 723 3 77 208 958 854 424 432 85 831 805 293 886 699 843 75 1 943 251 829 897 150 482 192 899 17 425 982 231 874 425 248 402 616 812 844 325 802 937 240 581 533 583 601 217 162 517 134 855 144 996 998 953 711 126 749 505 161
114 2 767 634 719 24 478 885 231 567 907 87 850 294 949 79 287 722 492 678 926 564 710 639 444 534 129 15 625 753 605 225 204 948 452 159 594 369 310 393 63 49 386 147 226 958 492 981 467 985 904 264 217 226 87 453 865 726 897 168 821 891 798 375 736 761 482 37 614 964 961 553 74 868 947 631 99 887 946 642 377 681 205 442 449 329 651 777 916 193 994 941 1 960 502 949 485 321 794 84
183 107 342 698 87 318 308 8 157 252 677 877 688 420 50 152 910 707 732 877 50 902 232 306 706 387 952 513 277 149 448 15 680 129 963 882 552 210 857 8 953 62 4 17 167 143 422 490 759 959 118 571 965 589 136 441 279 523 154 537 468 479 563 520 83 767 733 828 388 78 846 92 333 674 601 417 209 294 336 340 420 601 191 702 926 753 66 111 386 273 121 264 484 337 612 789 555 289 154 49
97 436 322 796 802 353 471 591 245 315 383 589 799 571 928 615 352 744 571 168 750 140 88 75 429 121 238 399 93 897 273 778 160 268 802 303 762 708 480 551 285 33 721 910 474 592 207 244 915 742 598 883 222 427 974 908 29 878 754 449 740 290 999 911 319 809 141 13 259 668 40 668 243 703 858 114 286 578 551 695 485 988 584 954 75 544 770 308 353 294 454 44 972 767 590 532 475 263 993 59
540 231 956 529 592 811 212 509 37 775 242 976 593 201 60 158 463 826 846 978 501 611 913 593 929 987 171 726 537 605 299 184 148 174 581 651 888 722 659 112 272 35 834 786 174 763 555 590 979 393 536 280 927 801 648 346 570 165 184 284 1 148 76 992 77 820 600 988 912 509 191 805 273 321 384 323 28 482 390 330 31 602 736 105 76 257 941 633 341 557 590 75 946 283 986 975 615 954 395 227
313 531 606 624 269 906 479 890 914 850 443 973 369 24 741 338 416 23 133 329 76 511 788 241 240 112 253 166 426 998 982 735 76 830 426 911 33 537 190 957 609 626 813 845 940 796 260 210 888 788 559 886 854 245 601 849 773 463 812 966 194 430 868 79 5 155 387 21 701 543 310 945 303 181 409 874 904 204 221 954 740 44 33 39 218 703 682 185 347 680 808 829 138 719 539 676 374 119 227 152
58 945 814 673 437 760 232 903 452 162 294 808 792 23 913 828 450 788 444 953 3 63 991 94 79 291 439 970 498 120 661 576 888 466 750 168 378 49 627 164 602 318 881 677 195 789 345 613 154 163 968 677 439 701 589 916 516 253 804 681 498 986 388 445 486 760 897 116 483 671 952 131 506 742 575 499 652 543 592 881 351 627 982 412 10 441 934 542 957 664 487 77 166 701 644 455 618 65 285 398
849 979 617 141 961 130 10 413 837 919 577 740 995 122 575 718 797 544 898 780 347 879 369 525 627 218 819 52 603 977 965 816 893 995 918 853 458 113 369 913 396 131 781 357 697 406 382 19 220 113 251 912 437 911 345 862 608 144 845 308 374 264 169 648 731 838 449 935 451 337 354 365 667 789 521 479 498 876 226 430 411 977 510 534 553 710 988 374 660 563 871 939 148 158 391 977 174 559 381 847
101 567 694 546 471 919 27 367 266 374 441 879 815 828 669 330 528 278 330 122 585 559 181 502 130 517 577 813 644 771 305 571 758 106 788 412 624 559 580 504 485 904 275 841 948 104 68 982 985 380 817 879 153 410 254 290 423 707 53 469 671 712 313 162 872 691 817 767 483 287 554 877 78 802 164 667 919 156 68 987 753 829 180 503 842 964 418 327 841 873 870 380 778 592 406 81 907 234 202 274
162 880 133 841 804 943 842 592 468 836 211 732 696 689 852 112 631 678 322 55 146 519 444 10 666 163 963 686 34 245 552 81 98 364 30 815 597 942 703 213 634 298 532 368 925 924 581 690 54 89 572 962 163 281 145 445 427 983 974 426 818 665 526 746 14 872 90 450 921 94 218 357 91 573 25 741 528 669 548 579 615 327 860 345 664 781 823 596 825 573 340 595 246 758 155 950 962 302 375 982
287 415 670 988 279 167 779 882 59 307 765 715 348 826 154 169 916 143 256 207 432 712 565 977 583 410 895 97 385 493 573 113 49 193 66 382 870 292 681 825 800 896 805 882 927 921 996 208 703 347 827 702 827 265 497 253 544 258 909 618 518 456 368 813 735 738 477 285 984 362 689 674 862 343 883 657 282 954 883 483 814 739 950 520 29 673 960 804 485 774 591 130 902 8 330 660 568 728 484 233
325 961 704 758 32 512 17 96 881 599 306 120 284 687 23 422 366 618 389 992 975 313 124 731 662 616 830 856 883 991 443 903 503 85 71 609 99 307 271 935 223 367 384 691 981 301 904 491 637 732 817 983 72 941 675 691 8 50 806 112 890 928 714 413 471 608 116 858 286 868 180 386 333 586 15 688 875 440 764 561 404 541 443 786 697 803 494 932 914 941 192 944 682 16 905 201 338 500 491 75
263 996 645 866 40 48 458 887 698 323 145 966 987 332 54 225 337 288 655 586 299 558 419 532 286 67 427 712 141 315 254 532 619 660 408 839 327 309 977 476 155 647 784 611 122 827 208 277 85 64 959 269 590 921 109 514 211 132 306 937 841 18 482 395 160 343 235 842 631 330 503 604 690 456 252 276 668 994 75 424 569 369 176 617 834 315 273 505 889 468 728 682 183 460 791 265 685 919 791 252
989 735 290 93 853 470 428 570 858 440 733 864 474 709 37 871 352 774 228 174 940 828 952 383 185 69 730 130 142 997 933 166 475 327 247 197 163 639 667 235 938 264 670 980 886 322 155 875 598 927 231 16 609 906 128 635 167 94 859 761 684 270 480 5 981 788 10 634 958 77 323 39 937 649 721 114 580 730 672 944 298 977 149 965 698 264 165 188 231 39 899 773 721 207 399 485 970 661 84 364
983 12 395 772 71 401 348 632 224 404 456 767 925 556 150 126 993 679 601 857 236 74 424 22 976 999 506 191 941 161 925 127 673 116 654 419 335 886 47 107 337 162 820 112 445 785 771 623 548 732 283 967 845 770 328 386 808 909 201 108 834 444 382 643 48 337 335 523 704 948 133 622 311 638 777 233 176 299 726 982 670 632 534 769 303 365 933 871 289 503 398 659 68 748 126 709 757 547 956 963
348 930 417 880 805 331 310 476 446 199 784 48 342 956 491 560 977 819 336 754 608 932 579 379 522 870 314 624 532 33 867 415 250 898 703 408 696 950 736 692 365 464 817 107 237 729 551 253 570 154 141 999 968 527 105 582 699 530 643 687 832 981 299 750 435 500 413 549 251 142 500 921 424 739 20 702 977 21 904 958 327 886 173 909 878 859 60 940 465 295 901 283 336 95 132 309 307 732 965 838
596 304 918 592 666 862 841 916 107 485 703 204 407 975 484 897 359 501 778 393 850 310 879 459 166 582 278 11 369 169 652 98 981 529 174 902 392 231 544 873 212 581 608 202 216 445 414 879 143 858 883 817 576 535 529 61 909 948 892 393 304 94 762 914 232 959 547 503 967 604 57 21 427 633 858 858 436 309 433 583 81 833 510 850 49 150 473 207 452 492 625 515 9 182 77 236 660 277 498 800
652 571 22 386 520 232 927 891 622 644 683 795 73 35 416 941 893 2 930 912 672 747 402 205 760 523 37 188 603 412 992 211 698 955 132 865 7 167 462 280 131 768 256 783 822 634 715 691 544 402 795 783 763 973 320 584 525 302 894 713 101 302 931 909 619 56 698 231 941 126 417 434 621 463 856 590 407 95 706 674 934 568 858 91 22 28 754 464 884 209 765 461 22 286 359 163 394 428 73 375
808 152 77 338 880 349 536 342 644 796 485 608 547 193 690 586 939 591 571 13 24 461 707 671 15 820 415 389 172 839 672 925 266 150 485 161 892 762 208 198 279 690 814 699 831 248 565 53 823 745 341 244 71 830 627 48 721 603 903 831 698 188 263 26 14 313 607 972 27 615 969 222 184 989 492 488 405 205 200 861 926 663 50 242 863 770 144 591 676 28 550 879 969 575 447 387 831 444 992 899
370 624 205 796 727 970 710 955 516 491 692 329 475 374 731 210 983 824 397 459 913 500 374 124 714 920 3 201 239 378 558 363 327 872 548 152 47 820 72 527 677 291 799 705 671 177 659 976 245 2 227 291 538 282 223 393 519 141 467 874 761 378 758 658 934 378 34 837 914 657 260 136 960 93 533 748 328 648 39 234 21 430 862 386 791 272 570 895 542 375 916 753 895 797 357 910 165 49 228 636
537 113 550 231 987 759 59 747 203 663 668 278 834 271 751 984 152 797 95 915 909 245 745 400 267 291 824 966 203 563 709 525 911 796 55 376 856 781 868 775 18 588 100 158 66 200 11 261 686 935 211 227 131 818 755 66 53 358 689 486 341 293 255 39 138 315 650 582 867 604 509 477 389 974 752 943 727 847 861 414 839 921 30 192 297 604 205 781 96 374 502 348 198 434 638 685 473 87 92 364
350 834 608 997 326 639 110 141 307 248 146 768 400 694 673 479 842 844 687 398 827 119 350 32 140 332 711 728 309 619 506 990 526 876 113 237 609 571 610 787 182 610 844 324 691 161 634 668 10 557 849 730 108 505 572 826 39 438 961 211 396 517 837 581 405 79 66 250 70 587 690 370 624 615 288 426 506 411 857 15 541 891 235 610 574 457 512 452 874 794 407 422 911 737 571 830 395 718 787 584
631 262 247 800 224 568 998 374 198 80 937 12 432 838 941 179 953 437 662 494 138 700 492 453 414 641 474 141 911 561 415 267 917 919 436 785 975 720 690 54 385 662 195 429 715 20 612 704 768 655 75 178 574 934 150 214 437 656 294 613 452 167 101 621 746 839 464 857 399 699 411 905 224 489 950 167 131 282 61 164 511 285 467 702 214 806 479 427 503 352 718 224 57 412 19 821 932 654 527 731
830 430 632 521 435 495 789 730 602 857 585 964 583 194 741 888 817 84 660 929 783 486 321 619 627 226 394 40 579 293 928 542 567 572 858 425 182 212 469 577 766 127 660 728 641 907 290 89 373 572 102 335 86 475 953 676 680 862 449 969 118 23 2 560 411 280 759 668 590 593 25 104 220 91 623 194 294 277 493 40 260 524 821 91 988 771 854 832 240 732 207 569 520 166 176 865 637 590 601 736
701 398 754 701 280 375 859 587 288 363 0 46 964 793 364 379 230 466 653 147 919 605 113 240 474 834 836 973 25 224 515 560 426 413 559 843 175 7 374 431 558 684 410 900 253 799 795 419 975 743 5 220 961 606 42 642 486 652 372 146 781 213 534 317 45 581 943 508 645 130 820 534 438 697 564 186 647 564 435 520 910 659 119 706 598 442 743 595 69 72 40 258 920 425 950 859 785 940 26 950
558 430 182 547 191 441 277 58 891 883 809 641 772 149 35 211 932 696 657 569 842 518 248 765 584 142 974 149 376 810 233 572 798 717 545 188 152 21 902 550 803 773 75 71 215 865 741 342 489 574 890 357 26 371 552 123 710 271 118 487 309 373 978 314 45 801 424 8 446 535 454 475 155 685 833 602 716 199 866 132 376 33 303 216 544 304 832 924 82 383 554 546 338 318 218 715 439 902 762 505
813 624 871 72 937 713 994 95 139 924 907 277 959 938 362 620 391 213 806 894 889 144 506 132 141 448 98 249 263 533 256 445 642 933 306 94 852 85 182 349 730 746 578 981 670 182 504 126 506 25 4 5 770 297 15 785 134 924 536 992 155 923 73 124 913 727 239 213 287 234 579 732 351 949 336 998 453 42 478 211 173 12 185 923 848 435 649 782 30 590 511 294 107 71 157 158 540 710 216 118
815 897 357 590 237 268 731 388 697 824 227 674 168 485 587 728 821 693 799 111 783 436 118 499 564 218 904 554 678 548 23 579 184 385 392 603 681 150 239 384 763 252 748 944 480 421 724 57 275 152 654 578 333 829 801 667 41 878 711 616 502 436 817 678 717 813 210 885 530 111 600 780 120 821 284 30 552 217 26 739 862 204 688 432 478 320 985 497 404 986 809 354 646 560 282 788 428 252 525 838
526 891 130 587 164 18 388 75 84 604 595 547 937 333 957 260 766 134 813 870 447 412 199 249 998 321 687 885 6 505 371 850 41 568 568 441 812 248 587 369 291 491 535 663 897 606 182 7 343 100 743 403 804 372 126 598 860 545 256 763 405 988 82 59 143 644 486 634 1 827 721 74 957 690 163 980 92 279 190 314 61 831 737 698 744 243 361 530 856 32 766 431 17 254 424 920 792 33 892 843
695 961 146 578 879 151 520 220 435 338 841 282 238 938 672 901 853 566 394 714 705 57 59 592 982 35 443 131 537 318 533 15 721 482 989 53 464 293 429 830 527 224 293 394 901 555 264 620 641 931 140 450 800 992 33 171 34 473 406 419 569 354 286 608 487 413 279 406 0 939 22 945 853 59 84 220 312 719 630 259 203 528 12 273 969 383 620 373 324 507 735 313 440 587 84 673 259 585 919 979
19 215 482 359 705 344 626 828 671 272 998 334 490 719 664 188 592 387 211 866 922 585 359 649 177 236 819 5 197 22 676 268 137 957 263 427 904 304 298 243 265 992 689 222 18 138 941 522 708 321 257 648 101 271 599 743 765 587 665 705 366 763 345 177 957 367 893 199 818 638 874 938 91 161 1 384 244 515 508 654 737 165 731 549 136 160 366 262 716 347 31 640 650 279 404 742 5 988 155 293
731 337 555 417 870 878 267 272 137 429 976 144 604 365 803 808 793 567 471 534 477 843 426 92 946 725 472 35 469 894 81 205 549 595 201 112 980 548 650 195 647 806 793 307 857 285 513 380 226 223 952 595 800 875 918 735 566 783 282 654 681 301 612 955 495 482 120 788 93 216 983 439 277 520 113 544 919 934 856 751 443 726 29 601 831 169 340 122 659 195 935 369 145 935 516 821 346 108 846 848
897 409 794 642 996 176 113 163 849 829 484 449 758 777 629 767 871 945 647 915 433 651 96 613 916 851 770 729 474 434 966 268 597 352 69 296 240 428 98 985 297 908 846 290 430 212 237 39 977 977 941 582 198 965 692 449 182 142 665 992 180 126 946 72 555 134 513 742 203 132 158 571 106 242 483 378 898 351 526 464 579 281 281 870 420 981 407 516 213 487 860 595 845 93 807 307 732 754 570 594
584 832 74 337 518 331 649 463 265 288 658 279 782 400 517 468 958 634 866 367 569 730 758 766 296 912 187 725 571 177 802 90 601 50 277 260 811 337 776 350 322 7 806 169 79 52 634 985 899 368 294 693 363 588 212 773 39 815 789 395 739 469 835 9 392 659 764 223 931 371 237 529 714 439 936 597 861 959 924 751 491 879 880 571 108 925 536 765 169 647 966 211 911 263 778 264 763 247 75 203
870 729 493 511 704 301 523 715 308 697 542 643 444 746 980 209 911 652 993 514 608 951 924 299 724 33 113 295 614 636 419 869 856 127 696 300 552 997 754 898 201 147 759 209 488 349 538 154 209 933 488 490 127 2 499 34 859 169 513 902 488 123 757 357 42 217 80 825 835 908 52 825 612 460 543 218 441 191 392 638 487 497 877 558 596 861 761 951 721 904 280 239 16 419 485 567 551 488 568 255
616 249 853 279 226 567 546 556 506 725 993 239 15 930 362 212 106 684 278 606 485 98 836 192 184 817 856 931 454 431 497 930 604 1 750 549 831 838 806 599 588 854 233 185 641 261 542 92 132 96 47 704 519 87 140 738 899 749 535 61 976 116 603 307 53 64 691 816 327 462 5 10 500 763 3 415 298 439 467 858 655 453 639 800 281 401 919 79 690 348 490 65 333 207 845 760 758 240 303 100
823 339 355 573 922 255 401 771 445 992 744 648 423 683 911 160 535 829 3 55 541 914 676 326 71 257 28 105 221 543 458 53 383 489 14 813 158 758 767 99 896 483 287 874 267 698 170 59 792 192 37 924 283 664 630 780 473 549 617 108 562 485 798 529 743 445 990 978 505 287 474 254 831 447 116 519 401 320 559 989 695 115 49 981 804 916 403 932 719 383 422 606 798 581 795 603 379 59 115 813
486 367 37 916 453 185 760 578 105 598 689 27 582 190 4 481 960 596 642 87 182 309 178 541 864 678 231 836 475 760 852 782 723 280 769 322 863 628 669 173 373 908 606 724 485 57 554 750 735 522 627 939 260 504 587 576 705 839 353 919 284 891 941 564 180 626 400 1 476 571 859 185 920 581 549 989 569 345 48 727 332 481 397 685 581 838 711 715 771 281 235 853 121 978 366 911 688 596 982 883
440 157 318 196 573 257 797 771 153 240 115 720 719 836 453 201 564 549 677 837 207 75 140 593 574 194 835 888 292 878 646 605 258 362 847 778 719 280 854 817 674 200 66 127 564 688 708 716 170 297 353 237 742 927 600 54 159 591 833 803 368 957 67 742 74 809 567 926 694 444 35 66 287 246 117 995 868 187 362 243 617 403 266 873 860 794 873 591 336 500 699 688 683 170 576 587 830 500 588 577
260 805 164 650 699 915 899 601 517 261 917 395 503 364 880 697 161 664 428 274 149 927 261 46 155 873 37 406 45 952 953 887 317 589 269 103 396 720 169 716 249 636 857 260 717 662 306 186 219 734 601 585 292 4 431 545 257 280 434 548 417 619 167 634 380 64 202 229 901 796 949 83 309 845 283 732 881 69 634 482 862 205 221 157 103 497 246 248 227 939 739 337 197 126 552 267 789 221 998 782
560 211 622 181 539 522 704 486 993 301 388 149 615 888 681 346 592 572 688 213 596 273 404 483 565 388 763 376 543 562 188 708 208 25 374 81 893 369 677 250 58 891 849 889 389 988 482 363 29 822 5 653 853 406 877 20 328 327 786 415 669 62 995 114 290 152 868 1 593 361 376 552 911 615 683 278 238 811 266 774 52 693 904 659 755 291 99 123 556 160 542 53 426 297 687 35 699 531 582 451
171 96 276 67 422 803 322 353 783 888 311 22 523 342 327 411 464 924 136 37 5 167 8 614 319 368 782 77 980 801 841 270 580 680 477 515 741 148 94 284 407 251 709 524 701 774 608 581 277 539 736 956 939 432 292 906 16 229 413 155 212 765 2 162 953 481 209 14 752 333 114 412 223 351 771 168 879 953 836 576 251 779 246 972 311 626 599 772 209 627 584 906 568 340 240 931 650 255 675 523
787 350 195 783 572 128 216 822 521 538 999 947 744 456 656 306 363 914 576 590 34 126 839 558 705 269 171 732 964 558 519 120 793 438 535 692 407 128 604 599 227 24 380 512 651 6 937 354 175 373 337 445 604 876 290 159 980 573 201 283 908 907 532 50 583 160 796 730 50 828 594 653 95 974 628 491 862 336 753 60 216 646 189 550 246 234 57 758 257 137 349 196 122 203 756 580 188 34 23 433
626 971 272 770 999 792 549 887 685 411 407 280 56 959 29 648 524 153 889 988 557 671 749 785 465 250 351 499 359 141 575 374 6 547 728 423 575 68 810 723 150 777 238 405 731 239 189 680 153 570 597 655 652 375 767 623 872 405 1 539 281 278 11 403 734 280 436 646 873 162 928 582 492 581 646 818 499 750 217 26 314 602 499 80 965 73 389 839 445 261 729 738 886 985 955 988 591 699 498 564
389 810 206 184 736 990 488 202 998 698 620 72 593 149 136 203 759 432 454 210 13 747 154 306 899 359 38 656 249 31 586 945 261 375 315 230 202 786 394 354 453 355 106 292 906 98 376 716 394 610 960 986 914 625 919 31 940 474 272 29 771 326 948 531 341 953 572 20 849 967 584 906 767 675 887 94 461 964 510 564 65 0 580 827 335 221 361 271 365 595 882 117 323 924 694 659 117 343 43 736
488 863 408 832 944 589 226 803 868 161 759 625 85 353 627 303 610 145 569 39 76 18 887 876 731 685 585 676 146 600 262 382 853 353 446 277 193 342 369 709 93 493 877 753 304 93 459 498 971 386 433 18 591 165 622 91 210 356 881 718 804 645 719 602 330 496 568 86 660 547 364 214 961 848 160 209 536 826 697 560 573 380 655 262 922 516 359 580 753 146 145 985 207 176 331 709 553 977 641 977
98 759 308 933 867 764 861 628 615 213 977 80 671 41 248 419 507 589 167 409 860 736 216 520 211 282 965 951 290 389 821 117 102 789 296 198 373 98 697 650 372 750 201 52 363 660 976 720 888 625 602 857 148 36 898 954 628 628 593 488 485 86 763 46 461 875 45 544 37 139 933 269 875 532 370 787 202 390 813 935 730 184 393 805 883 208 401 360 873 904 425 590 139 123 398 234 439 1 308 326
