7188 10054
1 3
4 3
3 2
3 5
6 4
5 7
8 7
7 6
7 9
10 9
9 8
9 11
12 10
11 13
14 13
13 12
13 15
16 15
15 14
15 17
18 16
17 19
20 19
19 18
19 21
22 21
21 20
21 23
24 22
23 25
26 24
25 27
28 27
27 26
27 29
30 28
29 31
32 30
31 33
34 32
33 35
36 34
35 37
38 37
37 36
37 39
40 39
39 38
39 41
42 40
41 43
44 43
43 42
43 45
45 44
41 46
47 46
46 45
46 48
48 47
35 49
50 49
49 48
49 51
52 50
51 53
54 53
53 52
53 55
55 54
51 56
57 55
56 58
58 57
56 59
59 58
33 60
61 59
60 62
63 62
62 61
62 64
65 64
64 63
64 66
67 66
66 65
66 68
69 68
68 67
68 70
71 69
70 72
72 71
70 73
73 72
60 74
75 74
74 73
74 76
77 76
76 75
76 78
79 78
78 77
78 80
81 79
80 82
82 81
80 83
83 82
31 84
85 83
84 86
87 86
86 85
86 88
89 88
88 87
88 90
91 90
90 89
90 92
93 92
92 91
92 94
95 93
94 96
97 96
96 95
96 98
99 97
98 100
100 99
98 101
101 100
94 102
103 102
102 101
102 104
105 104
104 103
104 106
107 105
106 108
108 107
106 109
109 108
84 110
111 109
110 112
113 112
112 111
112 114
115 113
114 116
117 115
116 118
118 117
116 119
119 118
114 120
121 120
120 119
120 122
122 121
110 123
124 122
123 125
126 125
125 124
125 127
128 127
127 126
127 129
129 128
123 130
131 129
130 132
132 131
130 133
133 132
29 134
135 133
134 136
137 135
136 138
139 137
138 140
141 139
140 142
143 142
142 141
142 144
145 143
144 146
146 145
144 147
147 146
140 148
149 148
148 147
148 150
151 150
150 149
150 152
152 151
138 153
154 152
153 155
156 155
155 154
155 157
158 156
157 159
159 158
157 160
160 159
153 161
162 161
161 160
161 163
164 163
163 162
163 165
165 164
136 166
167 165
166 168
169 168
168 167
168 170
171 170
170 169
170 172
173 172
172 171
172 174
175 174
174 173
174 176
177 175
176 178
178 177
176 179
179 178
166 180
181 179
180 182
183 181
182 184
184 183
182 185
185 184
180 186
187 186
186 185
186 188
189 187
188 190
190 189
188 191
191 190
134 192
193 191
192 194
195 194
194 193
194 196
197 195
196 198
199 198
198 197
198 200
201 200
200 199
200 202
203 202
202 201
202 204
205 203
204 206
206 205
204 207
207 206
196 208
209 207
208 210
211 209
210 212
212 211
210 213
213 212
208 214
215 213
214 216
216 215
214 217
217 216
192 218
219 217
218 220
221 220
220 219
220 222
223 221
222 224
225 223
224 226
226 225
224 227
227 226
222 228
229 228
228 227
228 230
230 229
218 231
232 231
231 230
231 233
234 233
233 232
233 235
236 235
235 234
235 237
238 237
237 236
237 239
240 238
239 241
241 240
239 242
242 241
25 243
244 243
243 242
243 245
246 245
245 244
245 247
248 246
247 249
250 248
249 251
252 251
251 250
251 253
254 253
253 252
253 255
256 254
255 257
258 256
257 259
260 258
259 261
262 261
261 260
261 263
263 262
259 264
265 263
264 266
266 265
264 267
267 266
257 268
269 267
268 270
271 270
270 269
270 272
273 271
272 274
274 273
272 275
275 274
268 276
277 275
276 278
278 277
276 279
279 278
255 280
281 280
280 279
280 282
283 282
282 281
282 284
285 283
284 286
287 286
286 285
286 288
289 287
288 290
290 289
288 291
292 290
291 293
293 292
291 294
294 293
284 295
296 294
295 297
298 296
297 299
299 298
297 300
300 299
295 301
302 301
301 300
301 303
303 302
249 304
305 304
304 303
304 306
307 305
306 308
309 307
308 310
311 310
310 309
310 312
313 311
312 314
315 314
314 313
314 316
316 315
312 317
318 316
317 319
319 318
317 320
320 319
308 321
322 320
321 323
324 323
323 322
323 325
326 324
325 327
327 326
325 328
328 327
321 329
330 328
329 331
331 330
329 332
332 331
306 333
334 332
333 335
336 334
335 337
338 336
337 339
339 338
337 340
340 339
335 341
342 341
341 340
341 343
344 343
343 342
343 345
345 344
333 346
347 345
346 348
349 347
348 350
350 349
348 351
351 350
346 352
353 352
352 351
352 354
355 354
354 353
354 356
356 355
247 357
358 356
357 359
360 358
359 361
362 361
361 360
361 363
364 362
363 365
366 365
365 364
365 367
368 366
367 369
370 368
369 371
371 370
369 372
372 371
367 373
374 373
373 372
373 375
375 374
363 376
377 376
376 375
376 378
379 377
378 380
381 380
380 379
380 382
382 381
378 383
384 382
383 385
385 384
383 386
386 385
359 387
388 387
387 386
387 389
390 389
389 388
389 391
392 391
391 390
391 393
394 392
393 395
396 394
395 397
398 397
397 396
397 399
399 398
395 400
401 400
400 399
400 402
402 401
393 403
404 403
403 402
403 405
406 404
405 407
408 406
407 409
409 408
407 410
410 409
405 411
412 411
411 410
411 413
413 412
357 414
415 414
414 413
414 416
417 416
416 415
416 418
419 418
418 417
418 420
421 420
420 419
420 422
423 422
422 421
422 424
425 424
424 423
424 426
427 426
426 425
426 428
429 427
428 430
431 430
430 429
430 432
433 431
432 434
435 434
434 433
434 436
437 436
436 435
436 438
439 437
438 440
440 439
438 441
441 440
432 442
443 441
442 444
445 444
444 443
444 446
446 445
442 447
448 446
447 449
449 448
447 450
450 449
428 451
452 450
451 453
454 452
453 455
456 455
455 454
455 457
457 456
453 458
459 458
458 457
458 460
460 459
451 461
462 460
461 463
464 463
463 462
463 465
465 464
461 466
467 466
466 465
466 468
468 467
23 469
470 469
469 468
469 471
472 470
471 473
474 472
473 475
476 474
475 477
478 477
477 476
477 479
480 479
479 478
479 481
482 480
481 483
484 483
483 482
483 485
486 484
485 487
488 486
487 489
490 488
489 491
491 490
489 492
492 491
487 493
494 492
493 495
495 494
493 496
496 495
485 497
498 496
497 499
500 499
499 498
499 501
501 500
497 502
503 501
502 504
504 503
502 505
505 504
481 506
507 505
506 508
509 508
508 507
508 510
511 510
510 509
510 512
513 511
512 514
515 514
514 513
514 516
516 515
512 517
518 516
517 519
519 518
517 520
520 519
506 521
522 521
521 520
521 523
524 522
523 525
526 525
525 524
525 527
527 526
523 528
529 528
528 527
528 530
530 529
475 531
532 530
531 533
534 533
533 532
533 535
536 535
535 534
535 537
538 536
537 539
540 539
539 538
539 541
542 541
541 540
541 543
544 542
543 545
545 544
543 546
546 545
537 547
548 547
547 546
547 549
550 549
549 548
549 551
552 551
551 550
551 553
554 552
553 555
555 554
553 556
556 555
531 557
558 557
557 556
557 559
560 558
559 561
562 560
561 563
564 562
563 565
565 564
563 566
566 565
561 567
568 567
567 566
567 569
570 568
569 571
571 570
569 572
572 571
559 573
574 572
573 575
576 575
575 574
575 577
578 577
577 576
577 579
579 578
573 580
581 579
580 582
582 581
580 583
583 582
473 584
585 583
584 586
587 586
586 585
586 588
589 587
588 590
591 589
590 592
593 591
592 594
595 594
594 593
594 596
597 595
596 598
598 597
596 599
599 598
592 600
601 599
600 602
602 601
600 603
603 602
590 604
605 604
604 603
604 606
607 606
606 605
606 608
609 607
608 610
611 610
610 609
610 612
612 611
608 613
614 612
613 615
615 614
613 616
616 615
588 617
618 617
617 616
617 619
620 619
619 618
619 621
622 620
621 623
624 623
623 622
623 625
626 625
625 624
625 627
628 627
627 626
627 629
630 628
629 631
631 630
629 632
632 631
621 633
634 633
633 632
633 635
636 635
635 634
635 637
638 637
637 636
637 639
640 639
639 638
639 641
641 640
584 642
643 641
642 644
645 643
644 646
647 645
646 648
649 647
648 650
650 649
648 651
651 650
646 652
653 652
652 651
652 654
655 654
654 653
654 656
656 655
644 657
658 657
657 656
657 659
660 658
659 661
662 660
661 663
663 662
661 664
664 663
659 665
666 664
665 667
667 666
665 668
668 667
642 669
670 669
669 668
669 671
672 671
671 670
671 673
674 673
673 672
673 675
676 675
675 674
675 677
678 676
677 679
680 678
679 681
682 680
681 683
683 682
681 684
684 683
679 685
686 685
685 684
685 687
687 686
677 688
689 687
688 690
691 690
690 689
690 692
692 691
688 693
694 693
693 692
693 695
695 694
471 696
697 696
696 695
696 698
699 698
698 697
698 700
701 700
700 699
700 702
703 701
702 704
705 704
704 703
704 706
707 705
706 708
709 707
708 710
711 709
710 712
713 712
712 711
712 714
715 713
714 716
717 716
716 715
716 718
718 717
714 719
720 719
719 718
719 721
721 720
710 722
723 721
722 724
725 724
724 723
724 726
727 725
726 728
728 727
726 729
729 728
722 730
731 729
730 732
732 731
730 733
733 732
708 734
735 733
734 736
737 736
736 735
736 738
739 738
738 737
738 740
741 739
740 742
743 741
742 744
744 743
742 745
745 744
740 746
747 745
746 748
748 747
746 749
749 748
734 750
751 749
750 752
753 752
752 751
752 754
755 753
754 756
756 755
754 757
757 756
750 758
759 758
758 757
758 760
761 760
760 759
760 762
762 761
706 763
764 763
763 762
763 765
766 765
765 764
765 767
768 766
767 769
770 769
769 768
769 771
772 770
771 773
774 772
773 775
776 774
775 777
777 776
775 778
778 777
773 779
780 778
779 781
781 780
779 782
782 781
771 783
784 783
783 782
783 785
786 784
785 787
788 786
787 789
789 788
787 790
790 789
785 791
792 791
791 790
791 793
793 792
767 794
795 794
794 793
794 796
797 795
796 798
799 797
798 800
801 800
800 799
800 802
802 801
798 803
804 803
803 802
803 805
805 804
796 806
807 805
806 808
809 807
808 810
810 809
808 811
811 810
806 812
813 812
812 811
812 814
814 813
702 815
816 814
815 817
818 817
817 816
817 819
820 818
819 821
822 821
821 820
821 823
824 822
823 825
826 825
825 824
825 827
828 826
827 829
830 828
829 831
831 830
829 832
832 831
827 833
834 833
833 832
833 835
835 834
823 836
837 836
836 835
836 838
839 837
838 840
841 839
840 842
842 841
840 843
843 842
838 844
845 844
844 843
844 846
846 845
819 847
848 847
847 846
847 849
850 849
849 848
849 851
852 850
851 853
854 852
853 855
856 855
855 854
855 857
857 856
853 858
859 857
858 860
860 859
858 861
861 860
851 862
863 861
862 864
865 864
864 863
864 866
866 865
862 867
868 866
867 869
869 868
867 870
870 869
815 871
872 870
871 873
874 872
873 875
876 875
875 874
875 877
878 877
877 876
877 879
880 879
879 878
879 881
882 881
881 880
881 883
884 882
883 885
885 884
883 886
886 885
873 887
888 887
887 886
887 889
890 889
889 888
889 891
892 891
891 890
891 893
894 893
893 892
893 895
896 894
895 897
897 896
895 898
898 897
871 899
900 898
899 901
902 901
901 900
901 903
904 902
903 905
906 905
905 904
905 907
907 906
903 908
909 907
908 910
910 909
908 911
911 910
899 912
913 912
912 911
912 914
915 914
914 913
914 916
917 915
916 918
919 917
918 920
920 919
918 921
921 920
916 922
923 922
922 921
922 924
924 923
17 925
926 925
925 924
925 927
928 926
927 929
930 929
929 928
929 931
932 931
931 930
931 933
934 932
933 935
936 935
935 934
935 937
938 937
937 936
937 939
940 939
939 938
939 941
942 941
941 940
941 943
944 942
943 945
946 944
945 947
948 947
947 946
947 949
950 949
949 948
949 951
952 950
951 953
954 953
953 952
953 955
956 955
955 954
955 957
958 957
957 956
957 959
960 958
959 961
962 961
961 960
961 963
964 963
963 962
963 965
966 964
965 967
967 966
965 968
968 967
959 969
970 969
969 968
969 971
972 971
971 970
971 973
974 973
973 972
973 975
975 974
951 976
977 975
976 978
979 977
978 980
981 979
980 982
982 981
980 983
983 982
978 984
985 983
984 986
986 985
984 987
987 986
976 988
989 988
988 987
988 990
991 989
990 992
993 991
992 994
994 993
992 995
995 994
990 996
997 995
996 998
998 997
996 999
999 998
945 1000
1001 1000
1000 999
1000 1002
1003 1001
1002 1004
1005 1003
1004 1006
1007 1005
1006 1008
1009 1007
1008 1010
1010 1009
1008 1011
1011 1010
1006 1012
1013 1011
1012 1014
1014 1013
1012 1015
1015 1014
1004 1016
1017 1015
1016 1018
1019 1018
1018 1017
1018 1020
1021 1019
1020 1022
1022 1021
1020 1023
1023 1022
1016 1024
1025 1024
1024 1023
1024 1026
1027 1026
1026 1025
1026 1028
1028 1027
1002 1029
1030 1028
1029 1031
1032 1031
1031 1030
1031 1033
1034 1032
1033 1035
1036 1035
1035 1034
1035 1037
1037 1036
1033 1038
1039 1037
1038 1040
1040 1039
1038 1041
1041 1040
1029 1042
1043 1041
1042 1044
1045 1043
1044 1046
1046 1045
1044 1047
1047 1046
1042 1048
1049 1048
1048 1047
1048 1050
1051 1049
1050 1052
1052 1051
1050 1053
1053 1052
943 1054
1055 1053
1054 1056
1057 1056
1056 1055
1056 1058
1059 1058
1058 1057
1058 1060
1061 1059
1060 1062
1063 1062
1062 1061
1062 1064
1065 1064
1064 1063
1064 1066
1067 1066
1066 1065
1066 1068
1069 1067
1068 1070
1071 1070
1070 1069
1070 1072
1073 1072
1072 1071
1072 1074
1075 1073
1074 1076
1076 1075
1074 1077
1077 1076
1068 1078
1079 1077
1078 1080
1081 1079
1080 1082
1082 1081
1080 1083
1083 1082
1078 1084
1085 1083
1084 1086
1086 1085
1084 1087
1087 1086
1060 1088
1089 1088
1088 1087
1088 1090
1091 1090
1090 1089
1090 1092
1093 1092
1092 1091
1092 1094
1095 1093
1094 1096
1097 1095
1096 1098
1099 1097
1098 1100
1100 1099
1098 1101
1101 1100
1096 1102
1103 1102
1102 1101
1102 1104
1104 1103
1094 1105
1106 1105
1105 1104
1105 1107
1108 1106
1107 1109
1109 1108
1107 1110
1110 1109
1054 1111
1112 1110
1111 1113
1114 1112
1113 1115
1116 1115
1115 1114
1115 1117
1118 1116
1117 1119
1120 1118
1119 1121
1121 1120
1119 1122
1122 1121
1117 1123
1124 1123
1123 1122
1123 1125
1125 1124
1113 1126
1127 1126
1126 1125
1126 1128
1129 1127
1128 1130
1131 1130
1130 1129
1130 1132
1132 1131
1128 1133
1134 1132
1133 1135
1135 1134
1133 1136
1136 1135
1111 1137
1138 1137
1137 1136
1137 1139
1140 1138
1139 1141
1142 1141
1141 1140
1141 1143
1144 1143
1143 1142
1143 1145
1146 1145
1145 1144
1145 1147
1148 1147
1147 1146
1147 1149
1149 1148
1139 1150
1151 1149
1150 1152
1153 1151
1152 1154
1154 1153
1152 1155
1155 1154
1150 1156
1157 1155
1156 1158
1158 1157
1156 1159
1159 1158
933 1160
1161 1160
1160 1159
1160 1162
1163 1161
1162 1164
1165 1163
1164 1166
1167 1166
1166 1165
1166 1168
1169 1167
1168 1170
1171 1169
1170 1172
1173 1172
1172 1171
1172 1174
1175 1173
1174 1176
1177 1175
1176 1178
1178 1177
1176 1179
1179 1178
1174 1180
1181 1180
1180 1179
1180 1182
1182 1181
1170 1183
1184 1182
1183 1185
1186 1184
1185 1187
1187 1186
1185 1188
1188 1187
1183 1189
1190 1188
1189 1191
1191 1190
1189 1192
1192 1191
1168 1193
1194 1193
1193 1192
1193 1195
1196 1195
1195 1194
1195 1197
1198 1196
1197 1199
1200 1198
1199 1201
1202 1201
1201 1200
1201 1203
1203 1202
1199 1204
1205 1203
1204 1206
1206 1205
1204 1207
1207 1206
1197 1208
1209 1208
1208 1207
1208 1210
1211 1210
1210 1209
1210 1212
1213 1212
1212 1211
1212 1214
1215 1214
1214 1213
1214 1216
1216 1215
1164 1217
1218 1217
1217 1216
1217 1219
1220 1219
1219 1218
1219 1221
1222 1221
1221 1220
1221 1223
1224 1222
1223 1225
1226 1225
1225 1224
1225 1227
1228 1227
1227 1226
1227 1229
1230 1229
1229 1228
1229 1231
1232 1231
1231 1230
1231 1233
1234 1233
1233 1232
1233 1235
1236 1234
1235 1237
1238 1236
1237 1239
1239 1238
1237 1240
1240 1239
1235 1241
1242 1240
1241 1243
1243 1242
1241 1244
1244 1243
1223 1245
1246 1244
1245 1247
1248 1246
1247 1249
1250 1249
1249 1248
1249 1251
1251 1250
1247 1252
1253 1252
1252 1251
1252 1254
1255 1254
1254 1253
1254 1256
1256 1255
1245 1257
1258 1257
1257 1256
1257 1259
1260 1259
1259 1258
1259 1261
1262 1260
1261 1263
1263 1262
1261 1264
1265 1263
1264 1266
1266 1265
1264 1267
1267 1266
1162 1268
1269 1268
1268 1267
1268 1270
1271 1269
1270 1272
1273 1272
1272 1271
1272 1274
1275 1273
1274 1276
1277 1276
1276 1275
1276 1278
1279 1277
1278 1280
1281 1279
1280 1282
1283 1281
1282 1284
1284 1283
1282 1285
1285 1284
1280 1286
1287 1286
1286 1285
1286 1288
1288 1287
1278 1289
1290 1288
1289 1291
1292 1290
1291 1293
1293 1292
1291 1294
1294 1293
1289 1295
1296 1295
1295 1294
1295 1297
1298 1296
1297 1299
1299 1298
1297 1300
1300 1299
1274 1301
1302 1300
1301 1303
1304 1303
1303 1302
1303 1305
1306 1304
1305 1307
1308 1306
1307 1309
1309 1308
1307 1310
1310 1309
1305 1311
1312 1310
1311 1313
1313 1312
1311 1314
1314 1313
1301 1315
1316 1314
1315 1317
1318 1317
1317 1316
1317 1319
1320 1319
1319 1318
1319 1321
1321 1320
1315 1322
1323 1322
1322 1321
1322 1324
1325 1323
1324 1326
1326 1325
1324 1327
1327 1326
1270 1328
1329 1328
1328 1327
1328 1330
1331 1329
1330 1332
1333 1332
1332 1331
1332 1334
1335 1333
1334 1336
1337 1336
1336 1335
1336 1338
1339 1337
1338 1340
1341 1340
1340 1339
1340 1342
1342 1341
1338 1343
1344 1343
1343 1342
1343 1345
1345 1344
1334 1346
1347 1346
1346 1345
1346 1348
1349 1348
1348 1347
1348 1350
1351 1349
1350 1352
1352 1351
1350 1353
1354 1352
1353 1355
1355 1354
1353 1356
1356 1355
1330 1357
1358 1357
1357 1356
1357 1359
1360 1359
1359 1358
1359 1361
1362 1360
1361 1363
1364 1362
1363 1365
1366 1364
1365 1367
1367 1366
1365 1368
1368 1367
1363 1369
1370 1368
1369 1371
1371 1370
1369 1372
1372 1371
1361 1373
1374 1372
1373 1375
1376 1374
1375 1377
1377 1376
1375 1378
1378 1377
1373 1379
1380 1378
1379 1381
1381 1380
1379 1382
1382 1381
927 1383
1384 1382
1383 1385
1386 1385
1385 1384
1385 1387
1388 1387
1387 1386
1387 1389
1390 1389
1389 1388
1389 1391
1392 1391
1391 1390
1391 1393
1394 1393
1393 1392
1393 1395
1396 1394
1395 1397
1398 1396
1397 1399
1400 1399
1399 1398
1399 1401
1402 1400
1401 1403
1404 1403
1403 1402
1403 1405
1406 1404
1405 1407
1408 1407
1407 1406
1407 1409
1410 1408
1409 1411
1412 1411
1411 1410
1411 1413
1413 1412
1409 1414
1415 1414
1414 1413
1414 1416
1416 1415
1405 1417
1418 1417
1417 1416
1417 1419
1420 1418
1419 1421
1422 1420
1421 1423
1423 1422
1421 1424
1424 1423
1419 1425
1426 1424
1425 1427
1427 1426
1425 1428
1428 1427
1401 1429
1430 1429
1429 1428
1429 1431
1432 1430
1431 1433
1434 1433
1433 1432
1433 1435
1436 1434
1435 1437
1438 1436
1437 1439
1439 1438
1437 1440
1440 1439
1435 1441
1442 1441
1441 1440
1441 1443
1443 1442
1431 1444
1445 1443
1444 1446
1447 1446
1446 1445
1446 1448
1448 1447
1444 1449
1450 1448
1449 1451
1451 1450
1449 1452
1452 1451
1397 1453
1454 1452
1453 1455
1456 1455
1455 1454
1455 1457
1458 1456
1457 1459
1460 1458
1459 1461
1462 1461
1461 1460
1461 1463
1463 1462
1459 1464
1465 1464
1464 1463
1464 1466
1467 1465
1466 1468
1468 1467
1466 1469
1469 1468
1457 1470
1471 1470
1470 1469
1470 1472
1473 1471
1472 1474
1475 1473
1474 1476
1476 1475
1474 1477
1477 1476
1472 1478
1479 1477
1478 1480
1480 1479
1478 1481
1481 1480
1453 1482
1483 1482
1482 1481
1482 1484
1485 1484
1484 1483
1484 1486
1487 1486
1486 1485
1486 1488
1489 1487
1488 1490
1491 1490
1490 1489
1490 1492
1493 1491
1492 1494
1494 1493
1492 1495
1496 1494
1495 1497
1497 1496
1495 1498
1498 1497
1488 1499
1500 1499
1499 1498
1499 1501
1502 1500
1501 1503
1503 1502
1501 1504
1505 1504
1504 1503
1504 1506
1506 1505
1395 1507
1508 1507
1507 1506
1507 1509
1510 1508
1509 1511
1512 1510
1511 1513
1514 1513
1513 1512
1513 1515
1516 1515
1515 1514
1515 1517
1518 1517
1517 1516
1517 1519
1520 1518
1519 1521
1522 1521
1521 1520
1521 1523
1524 1522
1523 1525
1525 1524
1523 1526
1526 1525
1519 1527
1528 1526
1527 1529
1530 1528
1529 1531
1531 1530
1529 1532
1532 1531
1527 1533
1534 1532
1533 1535
1535 1534
1533 1536
1536 1535
1511 1537
1538 1537
1537 1536
1537 1539
1540 1538
1539 1541
1542 1541
1541 1540
1541 1543
1544 1542
1543 1545
1546 1544
1545 1547
1547 1546
1545 1548
1548 1547
1543 1549
1550 1548
1549 1551
1551 1550
1549 1552
1552 1551
1539 1553
1554 1553
1553 1552
1553 1555
1556 1554
1555 1557
1558 1557
1557 1556
1557 1559
1559 1558
1555 1560
1561 1559
1560 1562
1562 1561
1560 1563
1563 1562
1509 1564
1565 1563
1564 1566
1567 1565
1566 1568
1569 1568
1568 1567
1568 1570
1571 1570
1570 1569
1570 1572
1573 1572
1572 1571
1572 1574
1575 1574
1574 1573
1574 1576
1577 1575
1576 1578
1578 1577
1576 1579
1579 1578
1566 1580
1581 1580
1580 1579
1580 1582
1583 1581
1582 1584
1585 1583
1584 1586
1586 1585
1584 1587
1587 1586
1582 1588
1589 1587
1588 1590
1590 1589
1588 1591
1591 1590
1564 1592
1593 1592
1592 1591
1592 1594
1595 1593
1594 1596
1597 1596
1596 1595
1596 1598
1599 1597
1598 1600
1601 1599
1600 1602
1602 1601
1600 1603
1603 1602
1598 1604
1605 1603
1604 1606
1606 1605
1604 1607
1607 1606
1594 1608
1609 1607
1608 1610
1611 1609
1610 1612
1612 1611
1610 1613
1613 1612
1608 1614
1615 1613
1614 1616
1616 1615
1614 1617
1617 1616
1383 1618
1619 1618
1618 1617
1618 1620
1621 1619
1620 1622
1623 1622
1622 1621
1622 1624
1625 1623
1624 1626
1627 1625
1626 1628
1629 1628
1628 1627
1628 1630
1631 1630
1630 1629
1630 1632
1633 1632
1632 1631
1632 1634
1635 1634
1634 1633
1634 1636
1637 1636
1636 1635
1636 1638
1639 1638
1638 1637
1638 1640
1641 1639
1640 1642
1643 1642
1642 1641
1642 1644
1645 1643
1644 1646
1646 1645
1644 1647
1647 1646
1640 1648
1649 1647
1648 1650
1650 1649
1648 1651
1651 1650
1626 1652
1653 1651
1652 1654
1655 1653
1654 1656
1657 1655
1656 1658
1658 1657
1656 1659
1659 1658
1654 1660
1661 1660
1660 1659
1660 1662
1663 1662
1662 1661
1662 1664
1664 1663
1652 1665
1666 1664
1665 1667
1668 1666
1667 1669
1669 1668
1667 1670
1670 1669
1665 1671
1672 1670
1671 1673
1673 1672
1671 1674
1674 1673
1624 1675
1676 1675
1675 1674
1675 1677
1678 1677
1677 1676
1677 1679
1680 1679
1679 1678
1679 1681
1682 1681
1681 1680
1681 1683
1684 1682
1683 1685
1686 1684
1685 1687
1688 1687
1687 1686
1687 1689
1690 1689
1689 1688
1689 1691
1692 1690
1691 1693
1693 1692
1691 1694
1694 1693
1685 1695
1696 1695
1695 1694
1695 1697
1698 1696
1697 1699
1700 1699
1699 1698
1699 1701
1701 1700
1697 1702
1703 1702
1702 1701
1702 1704
1704 1703
1683 1705
1706 1705
1705 1704
1705 1707
1708 1706
1707 1709
1710 1709
1709 1708
1709 1711
1712 1711
1711 1710
1711 1713
1714 1712
1713 1715
1715 1714
1713 1716
1716 1715
1707 1717
1718 1716
1717 1719
1720 1719
1719 1718
1719 1721
1721 1720
1717 1722
1723 1722
1722 1721
1722 1724
1724 1723
1620 1725
1726 1724
1725 1727
1728 1727
1727 1726
1727 1729
1730 1728
1729 1731
1732 1730
1731 1733
1734 1732
1733 1735
1736 1735
1735 1734
1735 1737
1738 1737
1737 1736
1737 1739
1739 1738
1733 1740
1741 1740
1740 1739
1740 1742
1743 1742
1742 1741
1742 1744
1744 1743
1731 1745
1746 1744
1745 1747
1748 1747
1747 1746
1747 1749
1750 1748
1749 1751
1751 1750
1749 1752
1752 1751
1745 1753
1754 1753
1753 1752
1753 1755
1756 1755
1755 1754
1755 1757
1757 1756
1729 1758
1759 1757
1758 1760
1761 1760
1760 1759
1760 1762
1763 1761
1762 1764
1765 1763
1764 1766
1766 1765
1764 1767
1767 1766
1762 1768
1769 1767
1768 1770
1770 1769
1768 1771
1771 1770
1758 1772
1773 1771
1772 1774
1775 1773
1774 1776
1776 1775
1774 1777
1777 1776
1772 1778
1779 1777
1778 1780
1780 1779
1778 1781
1781 1780
1725 1782
1783 1782
1782 1781
1782 1784
1785 1783
1784 1786
1787 1786
1786 1785
1786 1788
1789 1787
1788 1790
1791 1790
1790 1789
1790 1792
1793 1791
1792 1794
1795 1793
1794 1796
1796 1795
1794 1797
1797 1796
1792 1798
1799 1798
1798 1797
1798 1800
1800 1799
1788 1801
1802 1801
1801 1800
1801 1803
1804 1803
1803 1802
1803 1805
1806 1805
1805 1804
1805 1807
1808 1807
1807 1806
1807 1809
1809 1808
1784 1810
1811 1809
1810 1812
1813 1811
1812 1814
1815 1814
1814 1813
1814 1816
1817 1815
1816 1818
1818 1817
1816 1819
1819 1818
1812 1820
1821 1819
1820 1822
1822 1821
1820 1823
1823 1822
1810 1824
1825 1823
1824 1826
1827 1825
1826 1828
1828 1827
1826 1829
1829 1828
1824 1830
1831 1830
1830 1829
1830 1832
1833 1831
1832 1834
1834 1833
1832 1835
1835 1834
11 1836
1837 1836
1836 1835
1836 1838
1839 1837
1838 1840
1841 1839
1840 1842
1843 1841
1842 1844
1845 1843
1844 1846
1847 1845
1846 1848
1849 1847
1848 1850
1851 1849
1850 1852
1853 1851
1852 1854
1855 1853
1854 1856
1856 1855
1854 1857
1857 1856
1852 1858
1859 1857
1858 1860
1860 1859
1858 1861
1861 1860
1850 1862
1863 1861
1862 1864
1865 1863
1864 1866
1866 1865
1864 1867
1867 1866
1862 1868
1869 1867
1868 1870
1870 1869
1868 1871
1871 1870
1848 1872
1873 1872
1872 1871
1872 1874
1875 1874
1874 1873
1874 1876
1877 1876
1876 1875
1876 1878
1879 1878
1878 1877
1878 1880
1881 1879
1880 1882
1883 1882
1882 1881
1882 1884
1885 1883
1884 1886
1886 1885
1884 1887
1887 1886
1880 1888
1889 1887
1888 1890
1891 1890
1890 1889
1890 1892
1892 1891
1888 1893
1894 1893
1893 1892
1893 1895
1895 1894
1846 1896
1897 1896
1896 1895
1896 1898
1899 1897
1898 1900
1901 1900
1900 1899
1900 1902
1903 1901
1902 1904
1905 1903
1904 1906
1907 1905
1906 1908
1908 1907
1906 1909
1909 1908
1904 1910
1911 1909
1910 1912
1912 1911
1910 1913
1913 1912
1902 1914
1915 1913
1914 1916
1917 1916
1916 1915
1916 1918
1918 1917
1914 1919
1920 1919
1919 1918
1919 1921
1922 1921
1921 1920
1921 1923
1923 1922
1898 1924
1925 1924
1924 1923
1924 1926
1927 1926
1926 1925
1926 1928
1929 1928
1928 1927
1928 1930
1931 1930
1930 1929
1930 1932
1933 1932
1932 1931
1932 1934
1935 1933
1934 1936
1937 1936
1936 1935
1936 1938
1939 1938
1938 1937
1938 1940
1940 1939
1934 1941
1942 1941
1941 1940
1941 1943
1944 1942
1943 1945
1945 1944
1943 1946
1946 1945
1844 1947
1948 1947
1947 1946
1947 1949
1950 1948
1949 1951
1952 1951
1951 1950
1951 1953
1954 1952
1953 1955
1956 1955
1955 1954
1955 1957
1958 1956
1957 1959
1960 1958
1959 1961
1962 1961
1961 1960
1961 1963
1963 1962
1959 1964
1965 1964
1964 1963
1964 1966
1966 1965
1957 1967
1968 1966
1967 1969
1970 1969
1969 1968
1969 1971
1971 1970
1967 1972
1973 1972
1972 1971
1972 1974
1975 1973
1974 1976
1976 1975
1974 1977
1977 1976
1953 1978
1979 1978
1978 1977
1978 1980
1981 1979
1980 1982
1983 1981
1982 1984
1985 1983
1984 1986
1986 1985
1984 1987
1987 1986
1982 1988
1989 1987
1988 1990
1990 1989
1988 1991
1991 1990
1980 1992
1993 1992
1992 1991
1992 1994
1995 1994
1994 1993
1994 1996
1997 1996
1996 1995
1996 1998
1999 1997
1998 2000
2000 1999
1998 2001
2001 2000
1949 2002
2003 2001
2002 2004
2005 2004
2004 2003
2004 2006
2007 2005
2006 2008
2009 2008
2008 2007
2008 2010
2011 2010
2010 2009
2010 2012
2013 2011
2012 2014
2014 2013
2012 2015
2016 2014
2015 2017
2017 2016
2015 2018
2018 2017
2006 2019
2020 2018
2019 2021
2022 2020
2021 2023
2023 2022
2021 2024
2024 2023
2019 2025
2026 2024
2025 2027
2027 2026
2025 2028
2028 2027
2002 2029
2030 2028
2029 2031
2032 2031
2031 2030
2031 2033
2034 2033
2033 2032
2033 2035
2036 2034
2035 2037
2038 2037
2037 2036
2037 2039
2039 2038
2035 2040
2041 2039
2040 2042
2042 2041
2040 2043
2043 2042
2029 2044
2045 2043
2044 2046
2047 2045
2046 2048
2048 2047
2046 2049
2049 2048
2044 2050
2051 2050
2050 2049
2050 2052
2053 2052
2052 2051
2052 2054
2054 2053
1842 2055
2056 2054
2055 2057
2058 2056
2057 2059
2060 2058
2059 2061
2062 2060
2061 2063
2064 2062
2063 2065
2066 2065
2065 2064
2065 2067
2068 2067
2067 2066
2067 2069
2069 2068
2063 2070
2071 2070
2070 2069
2070 2072
2073 2071
2072 2074
2074 2073
2072 2075
2075 2074
2061 2076
2077 2076
2076 2075
2076 2078
2079 2077
2078 2080
2081 2079
2080 2082
2082 2081
2080 2083
2083 2082
2078 2084
2085 2084
2084 2083
2084 2086
2087 2086
2086 2085
2086 2088
2088 2087
2059 2089
2090 2088
2089 2091
2092 2090
2091 2093
2094 2092
2093 2095
2095 2094
2093 2096
2096 2095
2091 2097
2098 2096
2097 2099
2099 2098
2097 2100
2100 2099
2089 2101
2102 2101
2101 2100
2101 2103
2104 2102
2103 2105
2106 2104
2105 2107
2107 2106
2105 2108
2108 2107
2103 2109
2110 2109
2109 2108
2109 2111
2112 2110
2111 2113
2113 2112
2111 2114
2114 2113
2057 2115
2116 2114
2115 2117
2118 2116
2117 2119
2120 2119
2119 2118
2119 2121
2122 2121
2121 2120
2121 2123
2124 2123
2123 2122
2123 2125
2126 2125
2125 2124
2125 2127
2128 2127
2127 2126
2127 2129
2129 2128
2117 2130
2131 2129
2130 2132
2133 2132
2132 2131
2132 2134
2135 2133
2134 2136
2136 2135
2134 2137
2137 2136
2130 2138
2139 2138
2138 2137
2138 2140
2141 2140
2140 2139
2140 2142
2142 2141
2115 2143
2144 2142
2143 2145
2146 2145
2145 2144
2145 2147
2148 2146
2147 2149
2150 2149
2149 2148
2149 2151
2151 2150
2147 2152
2153 2152
2152 2151
2152 2154
2154 2153
2143 2155
2156 2155
2155 2154
2155 2157
2158 2156
2157 2159
2160 2158
2159 2161
2161 2160
2159 2162
2162 2161
2157 2163
2164 2163
2163 2162
2163 2165
2166 2164
2165 2167
2167 2166
2165 2168
2168 2167
2055 2169
2170 2168
2169 2171
2172 2171
2171 2170
2171 2173
2174 2172
2173 2175
2176 2175
2175 2174
2175 2177
2178 2177
2177 2176
2177 2179
2180 2179
2179 2178
2179 2181
2182 2181
2181 2180
2181 2183
2184 2182
2183 2185
2186 2185
2185 2184
2185 2187
2188 2186
2187 2189
2189 2188
2187 2190
2190 2189
2183 2191
2192 2191
2191 2190
2191 2193
2194 2193
2193 2192
2193 2195
2196 2194
2195 2197
2197 2196
2195 2198
2198 2197
2173 2199
2200 2199
2199 2198
2199 2201
2202 2201
2201 2200
2201 2203
2204 2202
2203 2205
2206 2205
2205 2204
2205 2207
2208 2207
2207 2206
2207 2209
2210 2208
2209 2211
2211 2210
2209 2212
2212 2211
2203 2213
2214 2212
2213 2215
2216 2215
2215 2214
2215 2217
2217 2216
2213 2218
2219 2218
2218 2217
2218 2220
2220 2219
2169 2221
2222 2221
2221 2220
2221 2223
2224 2222
2223 2225
2226 2225
2225 2224
2225 2227
2228 2227
2227 2226
2227 2229
2230 2229
2229 2228
2229 2231
2232 2230
2231 2233
2234 2232
2233 2235
2236 2234
2235 2237
2237 2236
2235 2238
2238 2237
2233 2239
2240 2238
2239 2241
2241 2240
2239 2242
2242 2241
2231 2243
2244 2242
2243 2245
2246 2245
2245 2244
2245 2247
2247 2246
2243 2248
2249 2248
2248 2247
2248 2250
2250 2249
2223 2251
2252 2250
2251 2253
2254 2252
2253 2255
2256 2254
2255 2257
2257 2256
2255 2258
2258 2257
2253 2259
2260 2259
2259 2258
2259 2261
2262 2260
2261 2263
2263 2262
2261 2264
2264 2263
2251 2265
2266 2265
2265 2264
2265 2267
2268 2266
2267 2269
2270 2269
2269 2268
2269 2271
2271 2270
2267 2272
2273 2271
2272 2274
2274 2273
2272 2275
2275 2274
1840 2276
2277 2276
2276 2275
2276 2278
2279 2277
2278 2280
2281 2279
2280 2282
2283 2281
2282 2284
2285 2284
2284 2283
2284 2286
2287 2286
2286 2285
2286 2288
2289 2287
2288 2290
2291 2290
2290 2289
2290 2292
2293 2291
2292 2294
2295 2294
2294 2293
2294 2296
2297 2296
2296 2295
2296 2298
2299 2297
2298 2300
2300 2299
2298 2301
2301 2300
2292 2302
2303 2302
2302 2301
2302 2304
2305 2304
2304 2303
2304 2306
2307 2305
2306 2308
2308 2307
2306 2309
2309 2308
2288 2310
2311 2309
2310 2312
2313 2311
2312 2314
2315 2314
2314 2313
2314 2316
2317 2315
2316 2318
2318 2317
2316 2319
2319 2318
2312 2320
2321 2320
2320 2319
2320 2322
2323 2322
2322 2321
2322 2324
2324 2323
2310 2325
2326 2324
2325 2327
2328 2327
2327 2326
2327 2329
2330 2329
2329 2328
2329 2331
2331 2330
2325 2332
2333 2332
2332 2331
2332 2334
2335 2334
2334 2333
2334 2336
2336 2335
2282 2337
2338 2336
2337 2339
2340 2338
2339 2341
2342 2341
2341 2340
2341 2343
2344 2343
2343 2342
2343 2345
2346 2345
2345 2344
2345 2347
2348 2346
2347 2349
2349 2348
2347 2350
2350 2349
2339 2351
2352 2351
2351 2350
2351 2353
2354 2352
2353 2355
2356 2354
2355 2357
2357 2356
2355 2358
2358 2357
2353 2359
2360 2358
2359 2361
2361 2360
2359 2362
2362 2361
2337 2363
2364 2362
2363 2365
2366 2365
2365 2364
2365 2367
2368 2366
2367 2369
2370 2368
2369 2371
2371 2370
2369 2372
2372 2371
2367 2373
2374 2372
2373 2375
2375 2374
2373 2376
2376 2375
2363 2377
2378 2376
2377 2379
2380 2378
2379 2381
2381 2380
2379 2382
2382 2381
2377 2383
2384 2383
2383 2382
2383 2385
2386 2384
2385 2387
2387 2386
2385 2388
2388 2387
2280 2389
2390 2388
2389 2391
2392 2391
2391 2390
2391 2393
2394 2393
2393 2392
2393 2395
2396 2395
2395 2394
2395 2397
2398 2397
2397 2396
2397 2399
2400 2399
2399 2398
2399 2401
2402 2400
2401 2403
2404 2403
2403 2402
2403 2405
2406 2404
2405 2407
2408 2406
2407 2409
2410 2409
2409 2408
2409 2411
2411 2410
2407 2412
2413 2411
2412 2414
2414 2413
2412 2415
2415 2414
2405 2416
2417 2416
2416 2415
2416 2418
2419 2417
2418 2420
2420 2419
2418 2421
2422 2421
2421 2420
2421 2423
2423 2422
2401 2424
2425 2424
2424 2423
2424 2426
2427 2426
2426 2425
2426 2428
2429 2428
2428 2427
2428 2430
2431 2430
2430 2429
2430 2432
2433 2431
2432 2434
2435 2433
2434 2436
2436 2435
2434 2437
2437 2436
2432 2438
2439 2437
2438 2440
2440 2439
2438 2441
2441 2440
2389 2442
2443 2441
2442 2444
2445 2444
2444 2443
2444 2446
2447 2446
2446 2445
2446 2448
2449 2447
2448 2450
2451 2449
2450 2452
2453 2452
2452 2451
2452 2454
2454 2453
2450 2455
2456 2454
2455 2457
2457 2456
2455 2458
2458 2457
2448 2459
2460 2458
2459 2461
2462 2461
2461 2460
2461 2463
2463 2462
2459 2464
2465 2463
2464 2466
2466 2465
2464 2467
2467 2466
2442 2468
2469 2468
2468 2467
2468 2470
2471 2470
2470 2469
2470 2472
2473 2472
2472 2471
2472 2474
2475 2474
2474 2473
2474 2476
2477 2476
2476 2475
2476 2478
2479 2478
2478 2477
2478 2480
2481 2479
2480 2482
2483 2481
2482 2484
2484 2483
2482 2485
2485 2484
2480 2486
2487 2485
2486 2488
2488 2487
2486 2489
2490 2489
2489 2488
2489 2491
2491 2490
2278 2492
2493 2492
2492 2491
2492 2494
2495 2494
2494 2493
2494 2496
2497 2495
2496 2498
2499 2497
2498 2500
2501 2500
2500 2499
2500 2502
2503 2502
2502 2501
2502 2504
2505 2503
2504 2506
2507 2506
2506 2505
2506 2508
2509 2508
2508 2507
2508 2510
2511 2509
2510 2512
2513 2512
2512 2511
2512 2514
2515 2514
2514 2513
2514 2516
2517 2516
2516 2515
2516 2518
2518 2517
2510 2519
2520 2518
2519 2521
2522 2520
2521 2523
2523 2522
2521 2524
2524 2523
2519 2525
2526 2525
2525 2524
2525 2527
2527 2526
2504 2528
2529 2528
2528 2527
2528 2530
2531 2529
2530 2532
2533 2532
2532 2531
2532 2534
2535 2533
2534 2536
2537 2535
2536 2538
2538 2537
2536 2539
2539 2538
2534 2540
2541 2539
2540 2542
2542 2541
2540 2543
2543 2542
2530 2544
2545 2544
2544 2543
2544 2546
2547 2545
2546 2548
2549 2548
2548 2547
2548 2550
2550 2549
2546 2551
2552 2550
2551 2553
2553 2552
2551 2554
2554 2553
2498 2555
2556 2554
2555 2557
2558 2556
2557 2559
2560 2558
2559 2561
2562 2560
2561 2563
2563 2562
2561 2564
2564 2563
2559 2565
2566 2564
2565 2567
2567 2566
2565 2568
2568 2567
2557 2569
2570 2569
2569 2568
2569 2571
2572 2571
2571 2570
2571 2573
2574 2573
2573 2572
2573 2575
2576 2574
2575 2577
2577 2576
2575 2578
2578 2577
2555 2579
2580 2578
2579 2581
2582 2581
2581 2580
2581 2583
2584 2583
2583 2582
2583 2585
2586 2585
2585 2584
2585 2587
2588 2587
2587 2586
2587 2589
2590 2588
2589 2591
2591 2590
2589 2592
2592 2591
2579 2593
2594 2592
2593 2595
2596 2594
2595 2597
2597 2596
2595 2598
2598 2597
2593 2599
2600 2599
2599 2598
2599 2601
2602 2601
2601 2600
2601 2603
2603 2602
2496 2604
2605 2603
2604 2606
2607 2605
2606 2608
2609 2608
2608 2607
2608 2610
2611 2610
2610 2609
2610 2612
2613 2612
2612 2611
2612 2614
2615 2614
2614 2613
2614 2616
2617 2615
2616 2618
2619 2617
2618 2620
2621 2620
2620 2619
2620 2622
2622 2621
2618 2623
2624 2623
2623 2622
2623 2625
2625 2624
2616 2626
2627 2625
2626 2628
2629 2628
2628 2627
2628 2630
2630 2629
2626 2631
2632 2631
2631 2630
2631 2633
2633 2632
2606 2634
2635 2633
2634 2636
2637 2636
2636 2635
2636 2638
2639 2638
2638 2637
2638 2640
2641 2640
2640 2639
2640 2642
2643 2641
2642 2644
2644 2643
2642 2645
2645 2644
2634 2646
2647 2645
2646 2648
2649 2647
2648 2650
2650 2649
2648 2651
2651 2650
2646 2652
2653 2651
2652 2654
2654 2653
2652 2655
2655 2654
2604 2656
2657 2655
2656 2658
2659 2658
2658 2657
2658 2660
2661 2659
2660 2662
2663 2661
2662 2664
2665 2664
2664 2663
2664 2666
2666 2665
2662 2667
2668 2666
2667 2669
2669 2668
2667 2670
2670 2669
2660 2671
2672 2671
2671 2670
2671 2673
2674 2672
2673 2675
2676 2675
2675 2674
2675 2677
2677 2676
2673 2678
2679 2677
2678 2680
2680 2679
2678 2681
2681 2680
2656 2682
2683 2681
2682 2684
2685 2684
2684 2683
2684 2686
2687 2685
2686 2688
2689 2688
2688 2687
2688 2690
2690 2689
2686 2691
2692 2690
2691 2693
2693 2692
2691 2694
2694 2693
2682 2695
2696 2694
2695 2697
2698 2697
2697 2696
2697 2699
2700 2698
2699 2701
2701 2700
2699 2702
2702 2701
2695 2703
2704 2702
2703 2705
2705 2704
2703 2706
2706 2705
1838 2707
2708 2707
2707 2706
2707 2709
2710 2709
2709 2708
2709 2711
2712 2710
2711 2713
2714 2712
2713 2715
2716 2714
2715 2717
2718 2716
2717 2719
2720 2719
2719 2718
2719 2721
2722 2720
2721 2723
2724 2722
2723 2725
2726 2725
2725 2724
2725 2727
2728 2726
2727 2729
2730 2729
2729 2728
2729 2731
2731 2730
2727 2732
2733 2731
2732 2734
2734 2733
2732 2735
2735 2734
2723 2736
2737 2736
2736 2735
2736 2738
2739 2738
2738 2737
2738 2740
2741 2740
2740 2739
2740 2742
2743 2741
2742 2744
2744 2743
2742 2745
2745 2744
2721 2746
2747 2745
2746 2748
2749 2747
2748 2750
2751 2749
2750 2752
2752 2751
2750 2753
2753 2752
2748 2754
2755 2753
2754 2756
2756 2755
2754 2757
2757 2756
2746 2758
2759 2757
2758 2760
2761 2760
2760 2759
2760 2762
2763 2761
2762 2764
2764 2763
2762 2765
2765 2764
2758 2766
2767 2765
2766 2768
2768 2767
2766 2769
2769 2768
2717 2770
2771 2769
2770 2772
2773 2772
2772 2771
2772 2774
2775 2773
2774 2776
2777 2776
2776 2775
2776 2778
2779 2778
2778 2777
2778 2780
2781 2780
2780 2779
2780 2782
2783 2782
2782 2781
2782 2784
2785 2783
2784 2786
2786 2785
2784 2787
2787 2786
2774 2788
2789 2788
2788 2787
2788 2790
2791 2790
2790 2789
2790 2792
2793 2792
2792 2791
2792 2794
2795 2794
2794 2793
2794 2796
2797 2796
2796 2795
2796 2798
2798 2797
2770 2799
2800 2798
2799 2801
2802 2801
2801 2800
2801 2803
2804 2803
2803 2802
2803 2805
2806 2804
2805 2807
2808 2806
2807 2809
2809 2808
2807 2810
2810 2809
2805 2811
2812 2811
2811 2810
2811 2813
2813 2812
2799 2814
2815 2814
2814 2813
2814 2816
2817 2815
2816 2818
2819 2817
2818 2820
2820 2819
2818 2821
2821 2820
2816 2822
2823 2822
2822 2821
2822 2824
2825 2823
2824 2826
2826 2825
2824 2827
2827 2826
2715 2828
2829 2827
2828 2830
2831 2830
2830 2829
2830 2832
2833 2832
2832 2831
2832 2834
2835 2833
2834 2836
2837 2835
2836 2838
2839 2838
2838 2837
2838 2840
2841 2840
2840 2839
2840 2842
2843 2842
2842 2841
2842 2844
2845 2843
2844 2846
2846 2845
2844 2847
2847 2846
2836 2848
2849 2848
2848 2847
2848 2850
2851 2850
2850 2849
2850 2852
2853 2851
2852 2854
2855 2854
2854 2853
2854 2856
2856 2855
2852 2857
2858 2857
2857 2856
2857 2859
2859 2858
2834 2860
2861 2860
2860 2859
2860 2862
2863 2862
2862 2861
2862 2864
2865 2863
2864 2866
2867 2866
2866 2865
2866 2868
2869 2868
2868 2867
2868 2870
2871 2870
2870 2869
2870 2872
2873 2872
2872 2871
2872 2874
2874 2873
2864 2875
2876 2875
2875 2874
2875 2877
2878 2877
2877 2876
2877 2879
2880 2879
2879 2878
2879 2881
2882 2880
2881 2883
2883 2882
2881 2884
2884 2883
2828 2885
2886 2884
2885 2887
2888 2886
2887 2889
2890 2888
2889 2891
2892 2891
2891 2890
2891 2893
2894 2893
2893 2892
2893 2895
2895 2894
2889 2896
2897 2895
2896 2898
2898 2897
2896 2899
2899 2898
2887 2900
2901 2900
2900 2899
2900 2902
2903 2901
2902 2904
2905 2904
2904 2903
2904 2906
2906 2905
2902 2907
2908 2907
2907 2906
2907 2909
2910 2908
2909 2911
2911 2910
2909 2912
2912 2911
2885 2913
2914 2912
2913 2915
2916 2914
2915 2917
2918 2916
2917 2919
2919 2918
2917 2920
2920 2919
2915 2921
2922 2921
2921 2920
2921 2923
2924 2923
2923 2922
2923 2925
2925 2924
2913 2926
2927 2925
2926 2928
2929 2928
2928 2927
2928 2930
2931 2930
2930 2929
2930 2932
2932 2931
2926 2933
2934 2932
2933 2935
2935 2934
2933 2936
2936 2935
2713 2937
2938 2936
2937 2939
2940 2939
2939 2938
2939 2941
2942 2941
2941 2940
2941 2943
2944 2942
2943 2945
2946 2945
2945 2944
2945 2947
2948 2947
2947 2946
2947 2949
2950 2949
2949 2948
2949 2951
2952 2951
2951 2950
2951 2953
2954 2952
2953 2955
2956 2954
2955 2957
2958 2957
2957 2956
2957 2959
2960 2958
2959 2961
2962 2960
2961 2963
2963 2962
2961 2964
2964 2963
2959 2965
2966 2965
2965 2964
2965 2967
2967 2966
2955 2968
2969 2967
2968 2970
2971 2970
2970 2969
2970 2972
2972 2971
2968 2973
2974 2972
2973 2975
2975 2974
2973 2976
2976 2975
2953 2977
2978 2977
2977 2976
2977 2979
2980 2979
2979 2978
2979 2981
2982 2981
2981 2980
2981 2983
2984 2982
2983 2985
2986 2985
2985 2984
2985 2987
2988 2986
2987 2989
2989 2988
2987 2990
2990 2989
2983 2991
2992 2991
2991 2990
2991 2993
2994 2992
2993 2995
2995 2994
2993 2996
2996 2995
2943 2997
2998 2996
2997 2999
3000 2998
2999 3001
3002 3000
3001 3003
3004 3003
3003 3002
3003 3005
3006 3004
3005 3007
3007 3006
3005 3008
3008 3007
3001 3009
3010 3009
3009 3008
3009 3011
3012 3010
3011 3013
3013 3012
3011 3014
3014 3013
2999 3015
3016 3015
3015 3014
3015 3017
3018 3017
3017 3016
3017 3019
3020 3018
3019 3021
3022 3021
3021 3020
3021 3023
3023 3022
3019 3024
3025 3023
3024 3026
3026 3025
3024 3027
3027 3026
2997 3028
3029 3028
3028 3027
3028 3030
3031 3029
3030 3032
3033 3031
3032 3034
3035 3033
3034 3036
3036 3035
3034 3037
3037 3036
3032 3038
3039 3037
3038 3040
3040 3039
3038 3041
3041 3040
3030 3042
3043 3042
3042 3041
3042 3044
3045 3043
3044 3046
3047 3045
3046 3048
3048 3047
3046 3049
3049 3048
3044 3050
3051 3049
3050 3052
3052 3051
3050 3053
3053 3052
2937 3054
3055 3053
3054 3056
3057 3055
3056 3058
3059 3058
3058 3057
3058 3060
3061 3060
3060 3059
3060 3062
3063 3062
3062 3061
3062 3064
3065 3064
3064 3063
3064 3066
3067 3066
3066 3065
3066 3068
3069 3068
3068 3067
3068 3070
3071 3070
3070 3069
3070 3072
3073 3071
3072 3074
3075 3073
3074 3076
3076 3075
3074 3077
3077 3076
3072 3078
3079 3078
3078 3077
3078 3080
3081 3079
3080 3082
3082 3081
3080 3083
3083 3082
3056 3084
3085 3083
3084 3086
3087 3086
3086 3085
3086 3088
3089 3087
3088 3090
3091 3090
3090 3089
3090 3092
3092 3091
3088 3093
3094 3093
3093 3092
3093 3095
3095 3094
3084 3096
3097 3096
3096 3095
3096 3098
3099 3097
3098 3100
3101 3099
3100 3102
3102 3101
3100 3103
3103 3102
3098 3104
3105 3103
3104 3106
3106 3105
3104 3107
3107 3106
3054 3108
3109 3107
3108 3110
3111 3109
3110 3112
3113 3112
3112 3111
3112 3114
3115 3114
3114 3113
3114 3116
3117 3116
3116 3115
3116 3118
3119 3118
3118 3117
3118 3120
3121 3120
3120 3119
3120 3122
3122 3121
3110 3123
3124 3122
3123 3125
3126 3125
3125 3124
3125 3127
3128 3127
3127 3126
3127 3129
3129 3128
3123 3130
3131 3129
3130 3132
3132 3131
3130 3133
3133 3132
3108 3134
3135 3134
3134 3133
3134 3136
3137 3136
3136 3135
3136 3138
3139 3137
3138 3140
3141 3139
3140 3142
3143 3141
3142 3144
3144 3143
3142 3145
3145 3144
3140 3146
3147 3145
3146 3148
3148 3147
3146 3149
3149 3148
3138 3150
3151 3149
3150 3152
3153 3152
3152 3151
3152 3154
3154 3153
3150 3155
3156 3154
3155 3157
3157 3156
3155 3158
3158 3157
2711 3159
3160 3158
3159 3161
3162 3160
3161 3163
3164 3163
3163 3162
3163 3165
3166 3165
3165 3164
3165 3167
3168 3166
3167 3169
3170 3168
3169 3171
3172 3170
3171 3173
3174 3173
3173 3172
3173 3175
3176 3174
3175 3177
3178 3176
3177 3179
3179 3178
3177 3180
3180 3179
3175 3181
3182 3181
3181 3180
3181 3183
3183 3182
3171 3184
3185 3183
3184 3186
3187 3185
3186 3188
3188 3187
3186 3189
3189 3188
3184 3190
3191 3189
3190 3192
3192 3191
3190 3193
3193 3192
3169 3194
3195 3193
3194 3196
3197 3196
3196 3195
3196 3198
3199 3197
3198 3200
3201 3199
3200 3202
3202 3201
3200 3203
3203 3202
3198 3204
3205 3203
3204 3206
3206 3205
3204 3207
3207 3206
3194 3208
3209 3208
3208 3207
3208 3210
3211 3210
3210 3209
3210 3212
3213 3211
3212 3214
3215 3213
3214 3216
3216 3215
3214 3217
3217 3216
3212 3218
3219 3218
3218 3217
3218 3220
3220 3219
3167 3221
3222 3221
3221 3220
3221 3223
3224 3223
3223 3222
3223 3225
3226 3224
3225 3227
3228 3226
3227 3229
3230 3229
3229 3228
3229 3231
3232 3231
3231 3230
3231 3233
3234 3232
3233 3235
3235 3234
3233 3236
3237 3236
3236 3235
3236 3238
3238 3237
3227 3239
3240 3238
3239 3241
3242 3241
3241 3240
3241 3243
3243 3242
3239 3244
3245 3243
3244 3246
3246 3245
3244 3247
3247 3246
3225 3248
3249 3247
3248 3250
3251 3250
3250 3249
3250 3252
3253 3252
3252 3251
3252 3254
3255 3253
3254 3256
3256 3255
3254 3257
3258 3257
3257 3256
3257 3259
3259 3258
3248 3260
3261 3260
3260 3259
3260 3262
3263 3262
3262 3261
3262 3264
3265 3263
3264 3266
3267 3265
3266 3268
3268 3267
3266 3269
3269 3268
3264 3270
3271 3269
3270 3272
3272 3271
3270 3273
3273 3272
3161 3274
3275 3274
3274 3273
3274 3276
3277 3276
3276 3275
3276 3278
3279 3277
3278 3280
3281 3280
3280 3279
3280 3282
3283 3282
3282 3281
3282 3284
3285 3284
3284 3283
3284 3286
3287 3285
3286 3288
3289 3288
3288 3287
3288 3290
3291 3290
3290 3289
3290 3292
3293 3292
3292 3291
3292 3294
3295 3294
3294 3293
3294 3296
3297 3295
3296 3298
3299 3298
3298 3297
3298 3300
3301 3299
3300 3302
3302 3301
3300 3303
3303 3302
3296 3304
3305 3304
3304 3303
3304 3306
3307 3305
3306 3308
3308 3307
3306 3309
3309 3308
3286 3310
3311 3310
3310 3309
3310 3312
3313 3311
3312 3314
3315 3313
3314 3316
3317 3316
3316 3315
3316 3318
3318 3317
3314 3319
3320 3318
3319 3321
3321 3320
3319 3322
3322 3321
3312 3323
3324 3322
3323 3325
3326 3325
3325 3324
3325 3327
3327 3326
3323 3328
3329 3327
3328 3330
3330 3329
3328 3331
3331 3330
3278 3332
3333 3332
3332 3331
3332 3334
3335 3333
3334 3336
3337 3336
3336 3335
3336 3338
3339 3338
3338 3337
3338 3340
3341 3339
3340 3342
3343 3342
3342 3341
3342 3344
3345 3343
3344 3346
3347 3345
3346 3348
3348 3347
3346 3349
3349 3348
3344 3350
3351 3349
3350 3352
3352 3351
3350 3353
3353 3352
3340 3354
3355 3353
3354 3356
3357 3356
3356 3355
3356 3358
3358 3357
3354 3359
3360 3359
3359 3358
3359 3361
3361 3360
3334 3362
3363 3361
3362 3364
3365 3363
3364 3366
3367 3366
3366 3365
3366 3368
3369 3368
3368 3367
3368 3370
3370 3369
3364 3371
3372 3370
3371 3373
3373 3372
3371 3374
3374 3373
3362 3375
3376 3375
3375 3374
3375 3377
3378 3377
3377 3376
3377 3379
3380 3379
3379 3378
3379 3381
3382 3380
3381 3383
3383 3382
3381 3384
3384 3383
3159 3385
3386 3385
3385 3384
3385 3387
3388 3387
3387 3386
3387 3389
3390 3388
3389 3391
3392 3390
3391 3393
3394 3392
3393 3395
3396 3395
3395 3394
3395 3397
3398 3396
3397 3399
3400 3399
3399 3398
3399 3401
3402 3400
3401 3403
3404 3403
3403 3402
3403 3405
3405 3404
3401 3406
3407 3406
3406 3405
3406 3408
3408 3407
3397 3409
3410 3409
3409 3408
3409 3411
3412 3411
3411 3410
3411 3413
3414 3412
3413 3415
3416 3415
3415 3414
3415 3417
3417 3416
3413 3418
3419 3417
3418 3420
3420 3419
3418 3421
3421 3420
3393 3422
3423 3421
3422 3424
3425 3424
3424 3423
3424 3426
3427 3425
3426 3428
3429 3428
3428 3427
3428 3430
3430 3429
3426 3431
3432 3431
3431 3430
3431 3433
3433 3432
3422 3434
3435 3433
3434 3436
3437 3435
3436 3438
3438 3437
3436 3439
3439 3438
3434 3440
3441 3440
3440 3439
3440 3442
3443 3441
3442 3444
3444 3443
3442 3445
3445 3444
3391 3446
3447 3446
3446 3445
3446 3448
3449 3447
3448 3450
3451 3449
3450 3452
3453 3452
3452 3451
3452 3454
3455 3454
3454 3453
3454 3456
3457 3456
3456 3455
3456 3458
3459 3458
3458 3457
3458 3460
3461 3459
3460 3462
3462 3461
3460 3463
3463 3462
3450 3464
3465 3464
3464 3463
3464 3466
3467 3466
3466 3465
3466 3468
3469 3468
3468 3467
3468 3470
3471 3469
3470 3472
3472 3471
3470 3473
3473 3472
3448 3474
3475 3473
3474 3476
3477 3476
3476 3475
3476 3478
3479 3478
3478 3477
3478 3480
3481 3480
3480 3479
3480 3482
3483 3481
3482 3484
3484 3483
3482 3485
3485 3484
3474 3486
3487 3485
3486 3488
3489 3488
3488 3487
3488 3490
3491 3489
3490 3492
3492 3491
3490 3493
3493 3492
3486 3494
3495 3493
3494 3496
3496 3495
3494 3497
3497 3496
3389 3498
3499 3498
3498 3497
3498 3500
3501 3500
3500 3499
3500 3502
3503 3501
3502 3504
3505 3504
3504 3503
3504 3506
3507 3506
3506 3505
3506 3508
3509 3508
3508 3507
3508 3510
3511 3510
3510 3509
3510 3512
3513 3512
3512 3511
3512 3514
3515 3514
3514 3513
3514 3516
3517 3515
3516 3518
3519 3517
3518 3520
3521 3519
3520 3522
3523 3521
3522 3524
3524 3523
3522 3525
3525 3524
3520 3526
3527 3526
3526 3525
3526 3528
3528 3527
3518 3529
3530 3529
3529 3528
3529 3531
3532 3530
3531 3533
3533 3532
3531 3534
3535 3533
3534 3536
3536 3535
3534 3537
3537 3536
3516 3538
3539 3538
3538 3537
3538 3540
3541 3540
3540 3539
3540 3542
3543 3541
3542 3544
3545 3543
3544 3546
3546 3545
3544 3547
3548 3547
3547 3546
3547 3549
3549 3548
3542 3550
3551 3550
3550 3549
3550 3552
3553 3552
3552 3551
3552 3554
3554 3553
3502 3555
3556 3555
3555 3554
3555 3557
3558 3556
3557 3559
3560 3558
3559 3561
3562 3560
3561 3563
3564 3563
3563 3562
3563 3565
3565 3564
3561 3566
3567 3566
3566 3565
3566 3568
3569 3568
3568 3567
3568 3570
3570 3569
3559 3571
3572 3570
3571 3573
3574 3572
3573 3575
3575 3574
3573 3576
3576 3575
3571 3577
3578 3576
3577 3579
3579 3578
3577 3580
3580 3579
3557 3581
3582 3581
3581 3580
3581 3583
3584 3582
3583 3585
3586 3584
3585 3587
3588 3587
3587 3586
3587 3589
3589 3588
3585 3590
3591 3589
3590 3592
3592 3591
3590 3593
3593 3592
3583 3594
3595 3593
3594 3596
3597 3595
3596 3598
3598 3597
3596 3599
3599 3598
3594 3600
3601 3599
3600 3602
3602 3601
3600 3603
3603 3602
5 3604
3605 3603
3604 3606
3607 3605
3606 3608
3609 3607
3608 3610
3611 3609
3610 3612
3613 3611
3612 3614
3615 3613
3614 3616
3617 3615
3616 3618
3619 3618
3618 3617
3618 3620
3621 3620
3620 3619
3620 3622
3623 3622
3622 3621
3622 3624
3625 3623
3624 3626
3627 3625
3626 3628
3629 3627
3628 3630
3630 3629
3628 3631
3631 3630
3626 3632
3633 3632
3632 3631
3632 3634
3634 3633
3624 3635
3636 3635
3635 3634
3635 3637
3638 3636
3637 3639
3640 3638
3639 3641
3641 3640
3639 3642
3642 3641
3637 3643
3644 3642
3643 3645
3645 3644
3643 3646
3646 3645
3616 3647
3648 3646
3647 3649
3650 3649
3649 3648
3649 3651
3652 3651
3651 3650
3651 3653
3654 3653
3653 3652
3653 3655
3656 3655
3655 3654
3655 3657
3658 3656
3657 3659
3659 3658
3657 3660
3660 3659
3647 3661
3662 3661
3661 3660
3661 3663
3664 3662
3663 3665
3666 3664
3665 3667
3667 3666
3665 3668
3668 3667
3663 3669
3670 3668
3669 3671
3671 3670
3669 3672
3672 3671
3614 3673
3674 3673
3673 3672
3673 3675
3676 3674
3675 3677
3678 3676
3677 3679
3680 3679
3679 3678
3679 3681
3682 3680
3681 3683
3684 3682
3683 3685
3685 3684
3683 3686
3686 3685
3681 3687
3688 3687
3687 3686
3687 3689
3689 3688
3677 3690
3691 3689
3690 3692
3693 3691
3692 3694
3694 3693
3692 3695
3695 3694
3690 3696
3697 3695
3696 3698
3698 3697
3696 3699
3699 3698
3675 3700
3701 3699
3700 3702
3703 3701
3702 3704
3705 3703
3704 3706
3706 3705
3704 3707
3707 3706
3702 3708
3709 3708
3708 3707
3708 3710
3711 3709
3710 3712
3712 3711
3710 3713
3713 3712
3700 3714
3715 3714
3714 3713
3714 3716
3717 3715
3716 3718
3719 3718
3718 3717
3718 3720
3720 3719
3716 3721
3722 3721
3721 3720
3721 3723
3723 3722
3612 3724
3725 3724
3724 3723
3724 3726
3727 3725
3726 3728
3729 3728
3728 3727
3728 3730
3731 3729
3730 3732
3733 3731
3732 3734
3735 3734
3734 3733
3734 3736
3737 3735
3736 3738
3739 3738
3738 3737
3738 3740
3740 3739
3736 3741
3742 3740
3741 3743
3743 3742
3741 3744
3744 3743
3732 3745
3746 3745
3745 3744
3745 3747
3748 3747
3747 3746
3747 3749
3750 3748
3749 3751
3752 3751
3751 3750
3751 3753
3753 3752
3749 3754
3755 3754
3754 3753
3754 3756
3756 3755
3730 3757
3758 3757
3757 3756
3757 3759
3760 3759
3759 3758
3759 3761
3762 3760
3761 3763
3764 3762
3763 3765
3766 3764
3765 3767
3767 3766
3765 3768
3768 3767
3763 3769
3770 3769
3769 3768
3769 3771
3771 3770
3761 3772
3773 3772
3772 3771
3772 3774
3775 3774
3774 3773
3774 3776
3777 3775
3776 3778
3778 3777
3776 3779
3779 3778
3726 3780
3781 3780
3780 3779
3780 3782
3783 3781
3782 3784
3785 3783
3784 3786
3787 3786
3786 3785
3786 3788
3789 3788
3788 3787
3788 3790
3791 3790
3790 3789
3790 3792
3793 3792
3792 3791
3792 3794
3795 3793
3794 3796
3796 3795
3794 3797
3797 3796
3784 3798
3799 3797
3798 3800
3801 3800
3800 3799
3800 3802
3803 3802
3802 3801
3802 3804
3804 3803
3798 3805
3806 3805
3805 3804
3805 3807
3808 3807
3807 3806
3807 3809
3809 3808
3782 3810
3811 3809
3810 3812
3813 3811
3812 3814
3815 3813
3814 3816
3816 3815
3814 3817
3817 3816
3812 3818
3819 3818
3818 3817
3818 3820
3821 3820
3820 3819
3820 3822
3822 3821
3810 3823
3824 3822
3823 3825
3826 3824
3825 3827
3827 3826
3825 3828
3828 3827
3823 3829
3830 3828
3829 3831
3831 3830
3829 3832
3832 3831
3610 3833
3834 3832
3833 3835
3836 3835
3835 3834
3835 3837
3838 3837
3837 3836
3837 3839
3840 3839
3839 3838
3839 3841
3842 3840
3841 3843
3844 3843
3843 3842
3843 3845
3846 3844
3845 3847
3848 3846
3847 3849
3850 3848
3849 3851
3852 3850
3851 3853
3853 3852
3851 3854
3854 3853
3849 3855
3856 3855
3855 3854
3855 3857
3858 3857
3857 3856
3857 3859
3859 3858
3847 3860
3861 3860
3860 3859
3860 3862
3863 3861
3862 3864
3865 3864
3864 3863
3864 3866
3866 3865
3862 3867
3868 3866
3867 3869
3869 3868
3867 3870
3870 3869
3845 3871
3872 3871
3871 3870
3871 3873
3874 3872
3873 3875
3876 3875
3875 3874
3875 3877
3878 3876
3877 3879
3880 3878
3879 3881
3881 3880
3879 3882
3882 3881
3877 3883
3884 3883
3883 3882
3883 3885
3885 3884
3873 3886
3887 3885
3886 3888
3889 3888
3888 3887
3888 3890
3890 3889
3886 3891
3892 3891
3891 3890
3891 3893
3893 3892
3841 3894
3895 3893
3894 3896
3897 3895
3896 3898
3899 3897
3898 3900
3901 3900
3900 3899
3900 3902
3903 3902
3902 3901
3902 3904
3904 3903
3898 3905
3906 3905
3905 3904
3905 3907
3908 3907
3907 3906
3907 3909
3909 3908
3896 3910
3911 3910
3910 3909
3910 3912
3913 3911
3912 3914
3915 3914
3914 3913
3914 3916
3916 3915
3912 3917
3918 3917
3917 3916
3917 3919
3919 3918
3894 3920
3921 3919
3920 3922
3923 3921
3922 3924
3925 3923
3924 3926
3926 3925
3924 3927
3927 3926
3922 3928
3929 3927
3928 3930
3930 3929
3928 3931
3931 3930
3920 3932
3933 3932
3932 3931
3932 3934
3935 3933
3934 3936
3937 3936
3936 3935
3936 3938
3938 3937
3934 3939
3940 3938
3939 3941
3941 3940
3939 3942
3942 3941
3833 3943
3944 3943
3943 3942
3943 3945
3946 3945
3945 3944
3945 3947
3948 3947
3947 3946
3947 3949
3950 3949
3949 3948
3949 3951
3952 3951
3951 3950
3951 3953
3954 3952
3953 3955
3956 3955
3955 3954
3955 3957
3958 3956
3957 3959
3960 3959
3959 3958
3959 3961
3962 3961
3961 3960
3961 3963
3964 3963
3963 3962
3963 3965
3966 3965
3965 3964
3965 3967
3968 3966
3967 3969
3970 3969
3969 3968
3969 3971
3972 3971
3971 3970
3971 3973
3973 3972
3967 3974
3975 3973
3974 3976
3976 3975
3974 3977
3978 3977
3977 3976
3977 3979
3979 3978
3957 3980
3981 3979
3980 3982
3983 3981
3982 3984
3985 3984
3984 3983
3984 3986
3986 3985
3982 3987
3988 3987
3987 3986
3987 3989
3990 3989
3989 3988
3989 3991
3991 3990
3980 3992
3993 3991
3992 3994
3995 3994
3994 3993
3994 3996
3996 3995
3992 3997
3998 3997
3997 3996
3997 3999
4000 3999
3999 3998
3999 4001
4001 4000
3953 4002
4003 4002
4002 4001
4002 4004
4005 4004
4004 4003
4004 4006
4007 4005
4006 4008
4009 4007
4008 4010
4011 4010
4010 4009
4010 4012
4013 4011
4012 4014
4015 4013
4014 4016
4016 4015
4014 4017
4017 4016
4012 4018
4019 4017
4018 4020
4020 4019
4018 4021
4021 4020
4008 4022
4023 4021
4022 4024
4025 4023
4024 4026
4026 4025
4024 4027
4027 4026
4022 4028
4029 4027
4028 4030
4030 4029
4028 4031
4031 4030
4006 4032
4033 4031
4032 4034
4035 4033
4034 4036
4037 4036
4036 4035
4036 4038
4038 4037
4034 4039
4040 4038
4039 4041
4041 4040
4039 4042
4042 4041
4032 4043
4044 4042
4043 4045
4046 4045
4045 4044
4045 4047
4047 4046
4043 4048
4049 4048
4048 4047
4048 4050
4051 4049
4050 4052
4052 4051
4050 4053
4053 4052
3608 4054
4055 4054
4054 4053
4054 4056
4057 4056
4056 4055
4056 4058
4059 4057
4058 4060
4061 4059
4060 4062
4063 4062
4062 4061
4062 4064
4065 4064
4064 4063
4064 4066
4067 4065
4066 4068
4069 4067
4068 4070
4071 4069
4070 4072
4073 4072
4072 4071
4072 4074
4075 4074
4074 4073
4074 4076
4077 4075
4076 4078
4079 4077
4078 4080
4080 4079
4078 4081
4081 4080
4076 4082
4083 4082
4082 4081
4082 4084
4084 4083
4070 4085
4086 4084
4085 4087
4088 4087
4087 4086
4087 4089
4090 4088
4089 4091
4091 4090
4089 4092
4092 4091
4085 4093
4094 4093
4093 4092
4093 4095
4096 4095
4095 4094
4095 4097
4097 4096
4068 4098
4099 4097
4098 4100
4101 4100
4100 4099
4100 4102
4103 4101
4102 4104
4105 4103
4104 4106
4106 4105
4104 4107
4107 4106
4102 4108
4109 4107
4108 4110
4110 4109
4108 4111
4111 4110
4098 4112
4113 4111
4112 4114
4115 4114
4114 4113
4114 4116
4117 4116
4116 4115
4116 4118
4118 4117
4112 4119
4120 4118
4119 4121
4121 4120
4119 4122
4122 4121
4066 4123
4124 4122
4123 4125
4126 4125
4125 4124
4125 4127
4128 4127
4127 4126
4127 4129
4130 4129
4129 4128
4129 4131
4132 4130
4131 4133
4134 4133
4133 4132
4133 4135
4136 4134
4135 4137
4137 4136
4135 4138
4139 4137
4138 4140
4140 4139
4138 4141
4141 4140
4131 4142
4143 4142
4142 4141
4142 4144
4145 4144
4144 4143
4144 4146
4147 4145
4146 4148
4148 4147
4146 4149
4149 4148
4123 4150
4151 4150
4150 4149
4150 4152
4153 4152
4152 4151
4152 4154
4155 4154
4154 4153
4154 4156
4157 4155
4156 4158
4159 4157
4158 4160
4161 4159
4160 4162
4162 4161
4160 4163
4163 4162
4158 4164
4165 4164
4164 4163
4164 4166
4166 4165
4156 4167
4168 4166
4167 4169
4170 4168
4169 4171
4171 4170
4169 4172
4172 4171
4167 4173
4174 4173
4173 4172
4173 4175
4175 4174
4060 4176
4177 4175
4176 4178
4179 4178
4178 4177
4178 4180
4181 4180
4180 4179
4180 4182
4183 4182
4182 4181
4182 4184
4185 4184
4184 4183
4184 4186
4187 4185
4186 4188
4189 4187
4188 4190
4191 4189
4190 4192
4193 4191
4192 4194
4194 4193
4192 4195
4195 4194
4190 4196
4197 4196
4196 4195
4196 4198
4198 4197
4188 4199
4200 4198
4199 4201
4202 4201
4201 4200
4201 4203
4203 4202
4199 4204
4205 4204
4204 4203
4204 4206
4206 4205
4186 4207
4208 4207
4207 4206
4207 4209
4210 4208
4209 4211
4212 4211
4211 4210
4211 4213
4214 4213
4213 4212
4213 4215
4216 4214
4215 4217
4217 4216
4215 4218
4218 4217
4209 4219
4220 4219
4219 4218
4219 4221
4222 4220
4221 4223
4224 4222
4223 4225
4225 4224
4223 4226
4226 4225
4221 4227
4228 4226
4227 4229
4229 4228
4227 4230
4230 4229
4176 4231
4232 4230
4231 4233
4234 4233
4233 4232
4233 4235
4236 4235
4235 4234
4235 4237
4238 4237
4237 4236
4237 4239
4240 4239
4239 4238
4239 4241
4242 4240
4241 4243
4244 4243
4243 4242
4243 4245
4246 4244
4245 4247
4247 4246
4245 4248
4248 4247
4241 4249
4250 4248
4249 4251
4252 4250
4251 4253
4253 4252
4251 4254
4254 4253
4249 4255
4256 4255
4255 4254
4255 4257
4257 4256
4231 4258
4259 4258
4258 4257
4258 4260
4261 4260
4260 4259
4260 4262
4263 4262
4262 4261
4262 4264
4265 4263
4264 4266
4267 4265
4266 4268
4269 4267
4268 4270
4270 4269
4268 4271
4271 4270
4266 4272
4273 4271
4272 4274
4274 4273
4272 4275
4275 4274
4264 4276
4277 4276
4276 4275
4276 4278
4279 4278
4278 4277
4278 4280
4281 4280
4280 4279
4280 4282
4283 4282
4282 4281
4282 4284
4284 4283
4058 4285
4286 4285
4285 4284
4285 4287
4288 4286
4287 4289
4290 4289
4289 4288
4289 4291
4292 4290
4291 4293
4294 4293
4293 4292
4293 4295
4296 4294
4295 4297
4298 4296
4297 4299
4300 4299
4299 4298
4299 4301
4302 4300
4301 4303
4304 4303
4303 4302
4303 4305
4305 4304
4301 4306
4307 4305
4306 4308
4308 4307
4306 4309
4309 4308
4297 4310
4311 4310
4310 4309
4310 4312
4313 4312
4312 4311
4312 4314
4315 4313
4314 4316
4317 4315
4316 4318
4318 4317
4316 4319
4319 4318
4314 4320
4321 4319
4320 4322
4322 4321
4320 4323
4323 4322
4295 4324
4325 4324
4324 4323
4324 4326
4327 4325
4326 4328
4329 4327
4328 4330
4331 4330
4330 4329
4330 4332
4332 4331
4328 4333
4334 4332
4333 4335
4335 4334
4333 4336
4336 4335
4326 4337
4338 4337
4337 4336
4337 4339
4340 4339
4339 4338
4339 4341
4342 4341
4341 4340
4341 4343
4344 4343
4343 4342
4343 4345
4345 4344
4291 4346
4347 4345
4346 4348
4349 4348
4348 4347
4348 4350
4351 4350
4350 4349
4350 4352
4353 4351
4352 4354
4355 4353
4354 4356
4357 4356
4356 4355
4356 4358
4358 4357
4354 4359
4360 4358
4359 4361
4361 4360
4359 4362
4362 4361
4352 4363
4364 4362
4363 4365
4366 4364
4365 4367
4367 4366
4365 4368
4368 4367
4363 4369
4370 4368
4369 4371
4371 4370
4369 4372
4372 4371
4346 4373
4374 4372
4373 4375
4376 4375
4375 4374
4375 4377
4378 4376
4377 4379
4380 4379
4379 4378
4379 4381
4381 4380
4377 4382
4383 4382
4382 4381
4382 4384
4384 4383
4373 4385
4386 4384
4385 4387
4388 4386
4387 4389
4389 4388
4387 4390
4390 4389
4385 4391
4392 4390
4391 4393
4393 4392
4391 4394
4394 4393
4287 4395
4396 4395
4395 4394
4395 4397
4398 4396
4397 4399
4400 4399
4399 4398
4399 4401
4402 4401
4401 4400
4401 4403
4404 4403
4403 4402
4403 4405
4406 4404
4405 4407
4408 4406
4407 4409
4410 4408
4409 4411
4412 4410
4411 4413
4413 4412
4411 4414
4414 4413
4409 4415
4416 4414
4415 4417
4417 4416
4415 4418
4418 4417
4407 4419
4420 4419
4419 4418
4419 4421
4422 4420
4421 4423
4424 4423
4423 4422
4423 4425
4425 4424
4421 4426
4427 4425
4426 4428
4428 4427
4426 4429
4429 4428
4405 4430
4431 4429
4430 4432
4433 4432
4432 4431
4432 4434
4435 4433
4434 4436
4437 4435
4436 4438
4438 4437
4436 4439
4439 4438
4434 4440
4441 4439
4440 4442
4442 4441
4440 4443
4443 4442
4430 4444
4445 4444
4444 4443
4444 4446
4447 4446
4446 4445
4446 4448
4449 4447
4448 4450
4450 4449
4448 4451
4452 4450
4451 4453
4453 4452
4451 4454
4454 4453
4397 4455
4456 4454
4455 4457
4458 4457
4457 4456
4457 4459
4460 4458
4459 4461
4462 4461
4461 4460
4461 4463
4464 4463
4463 4462
4463 4465
4466 4464
4465 4467
4467 4466
4465 4468
4469 4468
4468 4467
4468 4470
4470 4469
4459 4471
4472 4470
4471 4473
4474 4472
4473 4475
4475 4474
4473 4476
4476 4475
4471 4477
4478 4477
4477 4476
4477 4479
4480 4479
4479 4478
4479 4481
4481 4480
4455 4482
4483 4482
4482 4481
4482 4484
4485 4484
4484 4483
4484 4486
4487 4486
4486 4485
4486 4488
4489 4488
4488 4487
4488 4490
4491 4490
4490 4489
4490 4492
4493 4491
4492 4494
4495 4494
4494 4493
4494 4496
4497 4496
4496 4495
4496 4498
4498 4497
4492 4499
4500 4499
4499 4498
4499 4501
4502 4500
4501 4503
4503 4502
4501 4504
4504 4503
3606 4505
4506 4505
4505 4504
4505 4507
4508 4506
4507 4509
4510 4509
4509 4508
4509 4511
4512 4510
4511 4513
4514 4513
4513 4512
4513 4515
4516 4515
4515 4514
4515 4517
4518 4516
4517 4519
4520 4518
4519 4521
4522 4520
4521 4523
4524 4522
4523 4525
4526 4524
4525 4527
4528 4526
4527 4529
4529 4528
4527 4530
4530 4529
4525 4531
4532 4530
4531 4533
4533 4532
4531 4534
4534 4533
4523 4535
4536 4535
4535 4534
4535 4537
4538 4536
4537 4539
4540 4538
4539 4541
4541 4540
4539 4542
4542 4541
4537 4543
4544 4542
4543 4545
4545 4544
4543 4546
4546 4545
4521 4547
4548 4547
4547 4546
4547 4549
4550 4548
4549 4551
4552 4550
4551 4553
4554 4552
4553 4555
4555 4554
4553 4556
4556 4555
4551 4557
4558 4556
4557 4559
4559 4558
4557 4560
4560 4559
4549 4561
4562 4560
4561 4563
4564 4562
4563 4565
4565 4564
4563 4566
4566 4565
4561 4567
4568 4566
4567 4569
4569 4568
4567 4570
4570 4569
4519 4571
4572 4571
4571 4570
4571 4573
4574 4572
4573 4575
4576 4574
4575 4577
4578 4576
4577 4579
4580 4579
4579 4578
4579 4581
4582 4580
4581 4583
4583 4582
4581 4584
4584 4583
4577 4585
4586 4584
4585 4587
4587 4586
4585 4588
4588 4587
4575 4589
4590 4588
4589 4591
4592 4591
4591 4590
4591 4593
4594 4593
4593 4592
4593 4595
4595 4594
4589 4596
4597 4595
4596 4598
4598 4597
4596 4599
4599 4598
4573 4600
4601 4599
4600 4602
4603 4601
4602 4604
4605 4603
4604 4606
4606 4605
4604 4607
4607 4606
4602 4608
4609 4608
4608 4607
4608 4610
4611 4610
4610 4609
4610 4612
4612 4611
4600 4613
4614 4613
4613 4612
4613 4615
4616 4614
4615 4617
4618 4617
4617 4616
4617 4619
4619 4618
4615 4620
4621 4619
4620 4622
4622 4621
4620 4623
4623 4622
4517 4624
4625 4623
4624 4626
4627 4625
4626 4628
4629 4627
4628 4630
4631 4629
4630 4632
4633 4631
4632 4634
4634 4633
4632 4635
4635 4634
4630 4636
4637 4636
4636 4635
4636 4638
4639 4638
4638 4637
4638 4640
4640 4639
4628 4641
4642 4641
4641 4640
4641 4643
4644 4642
4643 4645
4646 4644
4645 4647
4647 4646
4645 4648
4648 4647
4643 4649
4650 4649
4649 4648
4649 4651
4651 4650
4626 4652
4653 4652
4652 4651
4652 4654
4655 4653
4654 4656
4657 4655
4656 4658
4659 4658
4658 4657
4658 4660
4660 4659
4656 4661
4662 4661
4661 4660
4661 4663
4664 4663
4663 4662
4663 4665
4665 4664
4654 4666
4667 4665
4666 4668
4669 4668
4668 4667
4668 4670
4671 4669
4670 4672
4672 4671
4670 4673
4673 4672
4666 4674
4675 4673
4674 4676
4676 4675
4674 4677
4677 4676
4624 4678
4679 4677
4678 4680
4681 4680
4680 4679
4680 4682
4683 4682
4682 4681
4682 4684
4685 4684
4684 4683
4684 4686
4687 4685
4686 4688
4689 4687
4688 4690
4691 4690
4690 4689
4690 4692
4692 4691
4688 4693
4694 4693
4693 4692
4693 4695
4695 4694
4686 4696
4697 4695
4696 4698
4699 4698
4698 4697
4698 4700
4700 4699
4696 4701
4702 4700
4701 4703
4703 4702
4701 4704
4704 4703
4678 4705
4706 4704
4705 4707
4708 4707
4707 4706
4707 4709
4710 4709
4709 4708
4709 4711
4712 4711
4711 4710
4711 4713
4714 4712
4713 4715
4715 4714
4713 4716
4716 4715
4705 4717
4718 4717
4717 4716
4717 4719
4720 4719
4719 4718
4719 4721
4722 4720
4721 4723
4724 4722
4723 4725
4725 4724
4723 4726
4726 4725
4721 4727
4728 4727
4727 4726
4727 4729
4729 4728
4511 4730
4731 4729
4730 4732
4733 4732
4732 4731
4732 4734
4735 4733
4734 4736
4737 4735
4736 4738
4739 4737
4738 4740
4741 4740
4740 4739
4740 4742
4743 4742
4742 4741
4742 4744
4745 4743
4744 4746
4747 4745
4746 4748
4748 4747
4746 4749
4749 4748
4744 4750
4751 4749
4750 4752
4752 4751
4750 4753
4753 4752
4738 4754
4755 4753
4754 4756
4757 4756
4756 4755
4756 4758
4759 4758
4758 4757
4758 4760
4760 4759
4754 4761
4762 4761
4761 4760
4761 4763
4764 4762
4763 4765
4765 4764
4763 4766
4766 4765
4736 4767
4768 4766
4767 4769
4770 4769
4769 4768
4769 4771
4772 4771
4771 4770
4771 4773
4774 4773
4773 4772
4773 4775
4776 4774
4775 4777
4777 4776
4775 4778
4778 4777
4767 4779
4780 4778
4779 4781
4782 4781
4781 4780
4781 4783
4784 4783
4783 4782
4783 4785
4785 4784
4779 4786
4787 4786
4786 4785
4786 4788
4789 4787
4788 4790
4790 4789
4788 4791
4791 4790
4734 4792
4793 4792
4792 4791
4792 4794
4795 4794
4794 4793
4794 4796
4797 4796
4796 4795
4796 4798
4799 4797
4798 4800
4801 4799
4800 4802
4803 4801
4802 4804
4805 4803
4804 4806
4806 4805
4804 4807
4807 4806
4802 4808
4809 4808
4808 4807
4808 4810
4810 4809
4800 4811
4812 4811
4811 4810
4811 4813
4814 4813
4813 4812
4813 4815
4816 4815
4815 4814
4815 4817
4818 4817
4817 4816
4817 4819
4819 4818
4798 4820
4821 4820
4820 4819
4820 4822
4823 4821
4822 4824
4825 4823
4824 4826
4827 4826
4826 4825
4826 4828
4828 4827
4824 4829
4830 4829
4829 4828
4829 4831
4831 4830
4822 4832
4833 4832
4832 4831
4832 4834
4835 4833
4834 4836
4837 4835
4836 4838
4838 4837
4836 4839
4839 4838
4834 4840
4841 4839
4840 4842
4842 4841
4840 4843
4843 4842
4730 4844
4845 4844
4844 4843
4844 4846
4847 4846
4846 4845
4846 4848
4849 4848
4848 4847
4848 4850
4851 4849
4850 4852
4853 4852
4852 4851
4852 4854
4855 4854
4854 4853
4854 4856
4857 4855
4856 4858
4859 4857
4858 4860
4861 4860
4860 4859
4860 4862
4863 4862
4862 4861
4862 4864
4865 4864
4864 4863
4864 4866
4867 4865
4866 4868
4868 4867
4866 4869
4869 4868
4858 4870
4871 4870
4870 4869
4870 4872
4873 4872
4872 4871
4872 4874
4875 4874
4874 4873
4874 4876
4877 4875
4876 4878
4878 4877
4876 4879
4879 4878
4856 4880
4881 4880
4880 4879
4880 4882
4883 4882
4882 4881
4882 4884
4885 4883
4884 4886
4887 4885
4886 4888
4889 4887
4888 4890
4890 4889
4888 4891
4891 4890
4886 4892
4893 4892
4892 4891
4892 4894
4894 4893
4884 4895
4896 4895
4895 4894
4895 4897
4898 4896
4897 4899
4899 4898
4897 4900
4901 4899
4900 4902
4902 4901
4900 4903
4903 4902
4850 4904
4905 4904
4904 4903
4904 4906
4907 4905
4906 4908
4909 4907
4908 4910
4911 4910
4910 4909
4910 4912
4913 4912
4912 4911
4912 4914
4915 4914
4914 4913
4914 4916
4917 4916
4916 4915
4916 4918
4918 4917
4908 4919
4920 4919
4919 4918
4919 4921
4922 4920
4921 4923
4924 4923
4923 4922
4923 4925
4925 4924
4921 4926
4927 4926
4926 4925
4926 4928
4928 4927
4906 4929
4930 4929
4929 4928
4929 4931
4932 4930
4931 4933
4934 4933
4933 4932
4933 4935
4936 4935
4935 4934
4935 4937
4938 4936
4937 4939
4939 4938
4937 4940
4940 4939
4931 4941
4942 4940
4941 4943
4944 4942
4943 4945
4945 4944
4943 4946
4946 4945
4941 4947
4948 4947
4947 4946
4947 4949
4949 4948
4507 4950
4951 4950
4950 4949
4950 4952
4953 4951
4952 4954
4955 4954
4954 4953
4954 4956
4957 4955
4956 4958
4959 4958
4958 4957
4958 4960
4961 4959
4960 4962
4963 4962
4962 4961
4962 4964
4965 4964
4964 4963
4964 4966
4967 4965
4966 4968
4969 4967
4968 4970
4971 4970
4970 4969
4970 4972
4973 4971
4972 4974
4975 4973
4974 4976
4976 4975
4974 4977
4977 4976
4972 4978
4979 4978
4978 4977
4978 4980
4980 4979
4968 4981
4982 4981
4981 4980
4981 4983
4984 4982
4983 4985
4986 4985
4985 4984
4985 4987
4987 4986
4983 4988
4989 4987
4988 4990
4990 4989
4988 4991
4991 4990
4966 4992
4993 4992
4992 4991
4992 4994
4995 4993
4994 4996
4997 4996
4996 4995
4996 4998
4999 4997
4998 5000
5001 4999
5000 5002
5002 5001
5000 5003
5003 5002
4998 5004
5005 5004
5004 5003
5004 5006
5006 5005
4994 5007
5008 5006
5007 5009
5010 5009
5009 5008
5009 5011
5011 5010
5007 5012
5013 5012
5012 5011
5012 5014
5014 5013
4960 5015
5016 5015
5015 5014
5015 5017
5018 5017
5017 5016
5017 5019
5020 5019
5019 5018
5019 5021
5022 5021
5021 5020
5021 5023
5024 5023
5023 5022
5023 5025
5026 5024
5025 5027
5028 5026
5027 5029
5030 5028
5029 5031
5032 5030
5031 5033
5033 5032
5031 5034
5034 5033
5029 5035
5036 5035
5035 5034
5035 5037
5037 5036
5027 5038
5039 5038
5038 5037
5038 5040
5041 5040
5040 5039
5040 5042
5043 5041
5042 5044
5044 5043
5042 5045
5045 5044
5025 5046
5047 5046
5046 5045
5046 5048
5049 5047
5048 5050
5051 5050
5050 5049
5050 5052
5053 5051
5052 5054
5054 5053
5052 5055
5055 5054
5048 5056
5057 5056
5056 5055
5056 5058
5059 5057
5058 5060
5060 5059
5058 5061
5062 5060
5061 5063
5063 5062
5061 5064
5064 5063
4956 5065
5066 5065
5065 5064
5065 5067
5068 5067
5067 5066
5067 5069
5070 5069
5069 5068
5069 5071
5072 5070
5071 5073
5074 5073
5073 5072
5073 5075
5076 5075
5075 5074
5075 5077
5078 5076
5077 5079
5080 5079
5079 5078
5079 5081
5082 5080
5081 5083
5084 5082
5083 5085
5086 5084
5085 5087
5087 5086
5085 5088
5088 5087
5083 5089
5090 5088
5089 5091
5091 5090
5089 5092
5092 5091
5081 5093
5094 5092
5093 5095
5096 5094
5095 5097
5097 5096
5095 5098
5098 5097
5093 5099
5100 5099
5099 5098
5099 5101
5101 5100
5077 5102
5103 5102
5102 5101
5102 5104
5105 5104
5104 5103
5104 5106
5107 5105
5106 5108
5109 5108
5108 5107
5108 5110
5111 5110
5110 5109
5110 5112
5113 5112
5112 5111
5112 5114
5114 5113
5106 5115
5116 5115
5115 5114
5115 5117
5118 5116
5117 5119
5119 5118
5117 5120
5121 5120
5120 5119
5120 5122
5122 5121
5071 5123
5124 5122
5123 5125
5126 5125
5125 5124
5125 5127
5128 5126
5127 5129
5130 5128
5129 5131
5132 5130
5131 5133
5133 5132
5131 5134
5134 5133
5129 5135
5136 5135
5135 5134
5135 5137
5137 5136
5127 5138
5139 5138
5138 5137
5138 5140
5141 5140
5140 5139
5140 5142
5143 5142
5142 5141
5142 5144
5145 5144
5144 5143
5144 5146
5146 5145
5123 5147
5148 5147
5147 5146
5147 5149
5150 5149
5149 5148
5149 5151
5152 5150
5151 5153
5154 5152
5153 5155
5156 5154
5155 5157
5157 5156
5155 5158
5158 5157
5153 5159
5160 5159
5159 5158
5159 5161
5161 5160
5151 5162
5163 5161
5162 5164
5165 5164
5164 5163
5164 5166
5166 5165
5162 5167
5168 5167
5167 5166
5167 5169
5169 5168
4952 5170
5171 5170
5170 5169
5170 5172
5173 5172
5172 5171
5172 5174
5175 5174
5174 5173
5174 5176
5177 5176
5176 5175
5176 5178
5179 5177
5178 5180
5181 5179
5180 5182
5183 5182
5182 5181
5182 5184
5185 5184
5184 5183
5184 5186
5187 5186
5186 5185
5186 5188
5189 5187
5188 5190
5191 5189
5190 5192
5193 5191
5192 5194
5195 5193
5194 5196
5196 5195
5194 5197
5197 5196
5192 5198
5199 5198
5198 5197
5198 5200
5200 5199
5190 5201
5202 5200
5201 5203
5204 5202
5203 5205
5205 5204
5203 5206
5206 5205
5201 5207
5208 5206
5207 5209
5209 5208
5207 5210
5210 5209
5188 5211
5212 5211
5211 5210
5211 5213
5214 5212
5213 5215
5216 5215
5215 5214
5215 5217
5218 5217
5217 5216
5217 5219
5220 5218
5219 5221
5221 5220
5219 5222
5222 5221
5213 5223
5224 5222
5223 5225
5226 5224
5225 5227
5227 5226
5225 5228
5228 5227
5223 5229
5230 5228
5229 5231
5231 5230
5229 5232
5232 5231
5180 5233
5234 5232
5233 5235
5236 5235
5235 5234
5235 5237
5238 5236
5237 5239
5240 5238
5239 5241
5242 5241
5241 5240
5241 5243
5243 5242
5239 5244
5245 5244
5244 5243
5244 5246
5247 5245
5246 5248
5248 5247
5246 5249
5249 5248
5237 5250
5251 5249
5250 5252
5253 5252
5252 5251
5252 5254
5254 5253
5250 5255
5256 5255
5255 5254
5255 5257
5258 5256
5257 5259
5259 5258
5257 5260
5260 5259
5233 5261
5262 5260
5261 5263
5264 5262
5263 5265
5266 5265
5265 5264
5265 5267
5268 5266
5267 5269
5269 5268
5267 5270
5270 5269
5263 5271
5272 5270
5271 5273
5273 5272
5271 5274
5274 5273
5261 5275
5276 5274
5275 5277
5278 5277
5277 5276
5277 5279
5280 5278
5279 5281
5281 5280
5279 5282
5282 5281
5275 5283
5284 5282
5283 5285
5285 5284
5283 5286
5286 5285
5178 5287
5288 5287
5287 5286
5287 5289
5290 5289
5289 5288
5289 5291
5292 5291
5291 5290
5291 5293
5294 5292
5293 5295
5296 5295
5295 5294
5295 5297
5298 5296
5297 5299
5300 5299
5299 5298
5299 5301
5302 5301
5301 5300
5301 5303
5304 5302
5303 5305
5306 5304
5305 5307
5308 5307
5307 5306
5307 5309
5309 5308
5305 5310
5311 5310
5310 5309
5310 5312
5312 5311
5303 5313
5314 5313
5313 5312
5313 5315
5316 5315
5315 5314
5315 5317
5318 5316
5317 5319
5319 5318
5317 5320
5320 5319
5297 5321
5322 5321
5321 5320
5321 5323
5324 5322
5323 5325
5326 5325
5325 5324
5325 5327
5328 5327
5327 5326
5327 5329
5330 5328
5329 5331
5331 5330
5329 5332
5332 5331
5323 5333
5334 5333
5333 5332
5333 5335
5336 5335
5335 5334
5335 5337
5338 5336
5337 5339
5339 5338
5337 5340
5340 5339
5293 5341
5342 5341
5341 5340
5341 5343
5344 5342
5343 5345
5346 5345
5345 5344
5345 5347
5348 5347
5347 5346
5347 5349
5350 5349
5349 5348
5349 5351
5352 5350
5351 5353
5354 5352
5353 5355
5356 5355
5355 5354
5355 5357
5357 5356
5353 5358
5359 5358
5358 5357
5358 5360
5360 5359
5351 5361
5362 5360
5361 5363
5364 5362
5363 5365
5365 5364
5363 5366
5366 5365
5361 5367
5368 5367
5367 5366
5367 5369
5369 5368
5343 5370
5371 5370
5370 5369
5370 5372
5373 5372
5372 5371
5372 5374
5375 5373
5374 5376
5377 5376
5376 5375
5376 5378
5379 5377
5378 5380
5380 5379
5378 5381
5382 5381
5381 5380
5381 5383
5383 5382
5374 5384
5385 5384
5384 5383
5384 5386
5387 5386
5386 5385
5386 5388
5389 5388
5388 5387
5388 5390
5390 5389
3604 5391
5392 5390
5391 5393
5394 5392
5393 5395
5396 5394
5395 5397
5398 5396
5397 5399
5400 5398
5399 5401
5402 5400
5401 5403
5404 5402
5403 5405
5406 5404
5405 5407
5408 5406
5407 5409
5409 5408
5407 5410
5410 5409
5405 5411
5412 5410
5411 5413
5413 5412
5411 5414
5414 5413
5403 5415
5416 5415
5415 5414
5415 5417
5418 5416
5417 5419
5420 5419
5419 5418
5419 5421
5421 5420
5417 5422
5423 5422
5422 5421
5422 5424
5425 5424
5424 5423
5424 5426
5426 5425
5401 5427
5428 5427
5427 5426
5427 5429
5430 5428
5429 5431
5432 5431
5431 5430
5431 5433
5434 5432
5433 5435
5436 5435
5435 5434
5435 5437
5437 5436
5433 5438
5439 5437
5438 5440
5440 5439
5438 5441
5441 5440
5429 5442
5443 5442
5442 5441
5442 5444
5445 5444
5444 5443
5444 5446
5447 5445
5446 5448
5449 5447
5448 5450
5450 5449
5448 5451
5451 5450
5446 5452
5453 5452
5452 5451
5452 5454
5454 5453
5399 5455
5456 5455
5455 5454
5455 5457
5458 5457
5457 5456
5457 5459
5460 5458
5459 5461
5462 5461
5461 5460
5461 5463
5464 5462
5463 5465
5466 5465
5465 5464
5465 5467
5468 5466
5467 5469
5470 5468
5469 5471
5471 5470
5469 5472
5472 5471
5467 5473
5474 5472
5473 5475
5475 5474
5473 5476
5476 5475
5463 5477
5478 5476
5477 5479
5480 5478
5479 5481
5481 5480
5479 5482
5482 5481
5477 5483
5484 5483
5483 5482
5483 5485
5486 5485
5485 5484
5485 5487
5487 5486
5459 5488
5489 5487
5488 5490
5491 5489
5490 5492
5493 5492
5492 5491
5492 5494
5495 5494
5494 5493
5494 5496
5496 5495
5490 5497
5498 5497
5497 5496
5497 5499
5500 5498
5499 5501
5501 5500
5499 5502
5502 5501
5488 5503
5504 5503
5503 5502
5503 5505
5506 5504
5505 5507
5508 5507
5507 5506
5507 5509
5509 5508
5505 5510
5511 5510
5510 5509
5510 5512
5512 5511
5397 5513
5514 5512
5513 5515
5516 5515
5515 5514
5515 5517
5518 5516
5517 5519
5520 5518
5519 5521
5522 5521
5521 5520
5521 5523
5524 5522
5523 5525
5526 5525
5525 5524
5525 5527
5527 5526
5523 5528
5529 5527
5528 5530
5530 5529
5528 5531
5531 5530
5519 5532
5533 5531
5532 5534
5535 5534
5534 5533
5534 5536
5537 5536
5536 5535
5536 5538
5538 5537
5532 5539
5540 5538
5539 5541
5541 5540
5539 5542
5542 5541
5517 5543
5544 5543
5543 5542
5543 5545
5546 5545
5545 5544
5545 5547
5548 5547
5547 5546
5547 5549
5550 5548
5549 5551
5552 5551
5551 5550
5551 5553
5554 5552
5553 5555
5555 5554
5553 5556
5557 5556
5556 5555
5556 5558
5558 5557
5549 5559
5560 5559
5559 5558
5559 5561
5562 5561
5561 5560
5561 5563
5564 5562
5563 5565
5565 5564
5563 5566
5566 5565
5513 5567
5568 5567
5567 5566
5567 5569
5570 5568
5569 5571
5572 5570
5571 5573
5574 5572
5573 5575
5576 5575
5575 5574
5575 5577
5578 5577
5577 5576
5577 5579
5579 5578
5573 5580
5581 5580
5580 5579
5580 5582
5583 5581
5582 5584
5584 5583
5582 5585
5585 5584
5571 5586
5587 5585
5586 5588
5589 5588
5588 5587
5588 5590
5591 5589
5590 5592
5592 5591
5590 5593
5593 5592
5586 5594
5595 5593
5594 5596
5596 5595
5594 5597
5597 5596
5569 5598
5599 5598
5598 5597
5598 5600
5601 5599
5600 5602
5603 5601
5602 5604
5605 5603
5604 5606
5606 5605
5604 5607
5607 5606
5602 5608
5609 5607
5608 5610
5610 5609
5608 5611
5611 5610
5600 5612
5613 5612
5612 5611
5612 5614
5615 5613
5614 5616
5617 5616
5616 5615
5616 5618
5618 5617
5614 5619
5620 5619
5619 5618
5619 5621
5621 5620
5395 5622
5623 5621
5622 5624
5625 5624
5624 5623
5624 5626
5627 5626
5626 5625
5626 5628
5629 5627
5628 5630
5631 5629
5630 5632
5633 5631
5632 5634
5635 5633
5634 5636
5637 5635
5636 5638
5638 5637
5636 5639
5639 5638
5634 5640
5641 5639
5640 5642
5642 5641
5640 5643
5643 5642
5632 5644
5645 5643
5644 5646
5647 5645
5646 5648
5648 5647
5646 5649
5649 5648
5644 5650
5651 5650
5650 5649
5650 5652
5653 5651
5652 5654
5654 5653
5652 5655
5655 5654
5630 5656
5657 5656
5656 5655
5656 5658
5659 5658
5658 5657
5658 5660
5661 5659
5660 5662
5663 5662
5662 5661
5662 5664
5665 5663
5664 5666
5667 5665
5666 5668
5668 5667
5666 5669
5669 5668
5664 5670
5671 5670
5670 5669
5670 5672
5672 5671
5660 5673
5674 5672
5673 5675
5676 5674
5675 5677
5677 5676
5675 5678
5678 5677
5673 5679
5680 5678
5679 5681
5681 5680
5679 5682
5682 5681
5628 5683
5684 5682
5683 5685
5686 5685
5685 5684
5685 5687
5688 5686
5687 5689
5690 5688
5689 5691
5692 5691
5691 5690
5691 5693
5693 5692
5689 5694
5695 5693
5694 5696
5696 5695
5694 5697
5697 5696
5687 5698
5699 5697
5698 5700
5701 5699
5700 5702
5702 5701
5700 5703
5703 5702
5698 5704
5705 5703
5704 5706
5706 5705
5704 5707
5707 5706
5683 5708
5709 5708
5708 5707
5708 5710
5711 5710
5710 5709
5710 5712
5713 5711
5712 5714
5715 5713
5714 5716
5717 5716
5716 5715
5716 5718
5718 5717
5714 5719
5720 5718
5719 5721
5721 5720
5719 5722
5722 5721
5712 5723
5724 5722
5723 5725
5726 5725
5725 5724
5725 5727
5727 5726
5723 5728
5729 5727
5728 5730
5730 5729
5728 5731
5731 5730
5622 5732
5733 5732
5732 5731
5732 5734
5735 5734
5734 5733
5734 5736
5737 5736
5736 5735
5736 5738
5739 5738
5738 5737
5738 5740
5741 5740
5740 5739
5740 5742
5743 5741
5742 5744
5745 5743
5744 5746
5747 5745
5746 5748
5749 5748
5748 5747
5748 5750
5751 5750
5750 5749
5750 5752
5753 5752
5752 5751
5752 5754
5755 5753
5754 5756
5756 5755
5754 5757
5757 5756
5746 5758
5759 5758
5758 5757
5758 5760
5761 5760
5760 5759
5760 5762
5763 5761
5762 5764
5765 5764
5764 5763
5764 5766
5766 5765
5762 5767
5768 5766
5767 5769
5769 5768
5767 5770
5770 5769
5744 5771
5772 5770
5771 5773
5774 5773
5773 5772
5773 5775
5776 5775
5775 5774
5775 5777
5778 5776
5777 5779
5780 5778
5779 5781
5781 5780
5779 5782
5782 5781
5777 5783
5784 5782
5783 5785
5785 5784
5783 5786
5786 5785
5771 5787
5788 5787
5787 5786
5787 5789
5790 5789
5789 5788
5789 5791
5792 5790
5791 5793
5794 5793
5793 5792
5793 5795
5795 5794
5791 5796
5797 5795
5796 5798
5798 5797
5796 5799
5799 5798
5742 5800
5801 5799
5800 5802
5803 5801
5802 5804
5805 5804
5804 5803
5804 5806
5807 5806
5806 5805
5806 5808
5809 5807
5808 5810
5810 5809
5808 5811
5812 5810
5811 5813
5813 5812
5811 5814
5814 5813
5802 5815
5816 5815
5815 5814
5815 5817
5818 5817
5817 5816
5817 5819
5820 5819
5819 5818
5819 5821
5822 5821
5821 5820
5821 5823
5824 5823
5823 5822
5823 5825
5825 5824
5800 5826
5827 5826
5826 5825
5826 5828
5829 5828
5828 5827
5828 5830
5831 5829
5830 5832
5833 5832
5832 5831
5832 5834
5835 5834
5834 5833
5834 5836
5837 5835
5836 5838
5838 5837
5836 5839
5839 5838
5830 5840
5841 5840
5840 5839
5840 5842
5843 5842
5842 5841
5842 5844
5845 5844
5844 5843
5844 5846
5847 5846
5846 5845
5846 5848
5848 5847
5393 5849
5850 5848
5849 5851
5852 5851
5851 5850
5851 5853
5854 5852
5853 5855
5856 5854
5855 5857
5858 5856
5857 5859
5860 5859
5859 5858
5859 5861
5862 5860
5861 5863
5864 5863
5863 5862
5863 5865
5866 5865
5865 5864
5865 5867
5868 5866
5867 5869
5869 5868
5867 5870
5871 5869
5870 5872
5872 5871
5870 5873
5873 5872
5861 5874
5875 5874
5874 5873
5874 5876
5877 5875
5876 5878
5879 5877
5878 5880
5880 5879
5878 5881
5881 5880
5876 5882
5883 5882
5882 5881
5882 5884
5884 5883
5857 5885
5886 5884
5885 5887
5888 5886
5887 5889
5890 5889
5889 5888
5889 5891
5892 5890
5891 5893
5893 5892
5891 5894
5894 5893
5887 5895
5896 5895
5895 5894
5895 5897
5898 5896
5897 5899
5899 5898
5897 5900
5900 5899
5885 5901
5902 5900
5901 5903
5904 5902
5903 5905
5905 5904
5903 5906
5906 5905
5901 5907
5908 5906
5907 5909
5909 5908
5907 5910
5910 5909
5855 5911
5912 5910
5911 5913
5914 5912
5913 5915
5916 5914
5915 5917
5918 5917
5917 5916
5917 5919
5920 5918
5919 5921
5921 5920
5919 5922
5922 5921
5915 5923
5924 5923
5923 5922
5923 5925
5926 5924
5925 5927
5927 5926
5925 5928
5928 5927
5913 5929
5930 5929
5929 5928
5929 5931
5932 5930
5931 5933
5934 5933
5933 5932
5933 5935
5935 5934
5931 5936
5937 5935
5936 5938
5938 5937
5936 5939
5939 5938
5911 5940
5941 5939
5940 5942
5943 5941
5942 5944
5945 5944
5944 5943
5944 5946
5947 5946
5946 5945
5946 5948
5948 5947
5942 5949
5950 5949
5949 5948
5949 5951
5952 5951
5951 5950
5951 5953
5953 5952
5940 5954
5955 5953
5954 5956
5957 5955
5956 5958
5958 5957
5956 5959
5959 5958
5954 5960
5961 5959
5960 5962
5962 5961
5960 5963
5963 5962
5853 5964
5965 5963
5964 5966
5967 5965
5966 5968
5969 5968
5968 5967
5968 5970
5971 5970
5970 5969
5970 5972
5973 5971
5972 5974
5975 5973
5974 5976
5977 5975
5976 5978
5978 5977
5976 5979
5979 5978
5974 5980
5981 5980
5980 5979
5980 5982
5982 5981
5972 5983
5984 5982
5983 5985
5986 5985
5985 5984
5985 5987
5987 5986
5983 5988
5989 5987
5988 5990
5990 5989
5988 5991
5991 5990
5966 5992
5993 5991
5992 5994
5995 5993
5994 5996
5997 5995
5996 5998
5998 5997
5996 5999
5999 5998
5994 6000
6001 6000
6000 5999
6000 6002
6003 6002
6002 6001
6002 6004
6004 6003
5992 6005
6006 6005
6005 6004
6005 6007
6008 6006
6007 6009
6010 6009
6009 6008
6009 6011
6011 6010
6007 6012
6013 6011
6012 6014
6014 6013
6012 6015
6015 6014
5964 6016
6017 6015
6016 6018
6019 6018
6018 6017
6018 6020
6021 6019
6020 6022
6023 6022
6022 6021
6022 6024
6025 6024
6024 6023
6024 6026
6027 6025
6026 6028
6029 6028
6028 6027
6028 6030
6030 6029
6026 6031
6032 6031
6031 6030
6031 6033
6033 6032
6020 6034
6035 6034
6034 6033
6034 6036
6037 6036
6036 6035
6036 6038
6039 6038
6038 6037
6038 6040
6041 6040
6040 6039
6040 6042
6043 6041
6042 6044
6044 6043
6042 6045
6045 6044
6016 6046
6047 6045
6046 6048
6049 6048
6048 6047
6048 6050
6051 6050
6050 6049
6050 6052
6053 6052
6052 6051
6052 6054
6055 6053
6054 6056
6056 6055
6054 6057
6057 6056
6046 6058
6059 6057
6058 6060
6061 6059
6060 6062
6062 6061
6060 6063
6063 6062
6058 6064
6065 6064
6064 6063
6064 6066
6067 6065
6066 6068
6068 6067
6066 6069
6069 6068
5849 6070
6071 6070
6070 6069
6070 6072
6073 6071
6072 6074
6075 6074
6074 6073
6074 6076
6077 6075
6076 6078
6079 6078
6078 6077
6078 6080
6081 6080
6080 6079
6080 6082
6083 6082
6082 6081
6082 6084
6085 6084
6084 6083
6084 6086
6087 6085
6086 6088
6089 6088
6088 6087
6088 6090
6091 6090
6090 6089
6090 6092
6093 6091
6092 6094
6095 6093
6094 6096
6097 6096
6096 6095
6096 6098
6098 6097
6094 6099
6100 6098
6099 6101
6101 6100
6099 6102
6102 6101
6092 6103
6104 6102
6103 6105
6106 6105
6105 6104
6105 6107
6107 6106
6103 6108
6109 6108
6108 6107
6108 6110
6110 6109
6086 6111
6112 6111
6111 6110
6111 6113
6114 6112
6113 6115
6116 6114
6115 6117
6118 6117
6117 6116
6117 6119
6119 6118
6115 6120
6121 6119
6120 6122
6122 6121
6120 6123
6123 6122
6113 6124
6125 6123
6124 6126
6127 6125
6126 6128
6128 6127
6126 6129
6129 6128
6124 6130
6131 6130
6130 6129
6130 6132
6132 6131
6076 6133
6134 6132
6133 6135
6136 6134
6135 6137
6138 6137
6137 6136
6137 6139
6140 6138
6139 6141
6142 6141
6141 6140
6141 6143
6143 6142
6139 6144
6145 6143
6144 6146
6146 6145
6144 6147
6147 6146
6135 6148
6149 6147
6148 6150
6151 6149
6150 6152
6152 6151
6150 6153
6153 6152
6148 6154
6155 6153
6154 6156
6156 6155
6154 6157
6157 6156
6133 6158
6159 6158
6158 6157
6158 6160
6161 6159
6160 6162
6163 6161
6162 6164
6165 6164
6164 6163
6164 6166
6166 6165
6162 6167
6168 6167
6167 6166
6167 6169
6170 6168
6169 6171
6171 6170
6169 6172
6172 6171
6160 6173
6174 6172
6173 6175
6176 6174
6175 6177
6177 6176
6175 6178
6178 6177
6173 6179
6180 6179
6179 6178
6179 6181
6182 6180
6181 6183
6183 6182
6181 6184
6184 6183
6072 6185
6186 6185
6185 6184
6185 6187
6188 6186
6187 6189
6190 6189
6189 6188
6189 6191
6192 6191
6191 6190
6191 6193
6194 6192
6193 6195
6196 6194
6195 6197
6198 6196
6197 6199
6200 6199
6199 6198
6199 6201
6201 6200
6197 6202
6203 6201
6202 6204
6204 6203
6202 6205
6205 6204
6195 6206
6207 6205
6206 6208
6209 6207
6208 6210
6210 6209
6208 6211
6211 6210
6206 6212
6213 6211
6212 6214
6214 6213
6212 6215
6215 6214
6193 6216
6217 6216
6216 6215
6216 6218
6219 6218
6218 6217
6218 6220
6221 6220
6220 6219
6220 6222
6223 6221
6222 6224
6225 6224
6224 6223
6224 6226
6227 6225
6226 6228
6228 6227
6226 6229
6229 6228
6222 6230
6231 6230
6230 6229
6230 6232
6233 6232
6232 6231
6232 6234
6235 6233
6234 6236
6236 6235
6234 6237
6237 6236
6187 6238
6239 6237
6238 6240
6241 6240
6240 6239
6240 6242
6243 6242
6242 6241
6242 6244
6245 6243
6244 6246
6247 6246
6246 6245
6246 6248
6249 6248
6248 6247
6248 6250
6251 6249
6250 6252
6252 6251
6250 6253
6253 6252
6244 6254
6255 6253
6254 6256
6257 6256
6256 6255
6256 6258
6258 6257
6254 6259
6260 6259
6259 6258
6259 6261
6261 6260
6238 6262
6263 6262
6262 6261
6262 6264
6265 6264
6264 6263
6264 6266
6267 6265
6266 6268
6269 6267
6268 6270
6271 6270
6270 6269
6270 6272
6272 6271
6268 6273
6274 6273
6273 6272
6273 6275
6275 6274
6266 6276
6277 6276
6276 6275
6276 6278
6279 6278
6278 6277
6278 6280
6281 6279
6280 6282
6282 6281
6280 6283
6283 6282
5391 6284
6285 6283
6284 6286
6287 6286
6286 6285
6286 6288
6289 6287
6288 6290
6291 6289
6290 6292
6293 6292
6292 6291
6292 6294
6295 6293
6294 6296
6297 6296
6296 6295
6296 6298
6299 6298
6298 6297
6298 6300
6301 6299
6300 6302
6303 6302
6302 6301
6302 6304
6305 6304
6304 6303
6304 6306
6307 6306
6306 6305
6306 6308
6309 6307
6308 6310
6311 6310
6310 6309
6310 6312
6313 6311
6312 6314
6314 6313
6312 6315
6315 6314
6308 6316
6317 6315
6316 6318
6319 6318
6318 6317
6318 6320
6320 6319
6316 6321
6322 6321
6321 6320
6321 6323
6323 6322
6300 6324
6325 6324
6324 6323
6324 6326
6327 6326
6326 6325
6326 6328
6329 6327
6328 6330
6331 6330
6330 6329
6330 6332
6333 6332
6332 6331
6332 6334
6335 6333
6334 6336
6336 6335
6334 6337
6337 6336
6328 6338
6339 6338
6338 6337
6338 6340
6341 6339
6340 6342
6343 6342
6342 6341
6342 6344
6344 6343
6340 6345
6346 6344
6345 6347
6347 6346
6345 6348
6348 6347
6294 6349
6350 6348
6349 6351
6352 6350
6351 6353
6354 6352
6353 6355
6356 6355
6355 6354
6355 6357
6358 6357
6357 6356
6357 6359
6359 6358
6353 6360
6361 6360
6360 6359
6360 6362
6363 6362
6362 6361
6362 6364
6364 6363
6351 6365
6366 6364
6365 6367
6368 6366
6367 6369
6369 6368
6367 6370
6370 6369
6365 6371
6372 6370
6371 6373
6373 6372
6371 6374
6374 6373
6349 6375
6376 6374
6375 6377
6378 6376
6377 6379
6380 6378
6379 6381
6381 6380
6379 6382
6382 6381
6377 6383
6384 6382
6383 6385
6385 6384
6383 6386
6386 6385
6375 6387
6388 6387
6387 6386
6387 6389
6390 6388
6389 6391
6392 6391
6391 6390
6391 6393
6393 6392
6389 6394
6395 6394
6394 6393
6394 6396
6396 6395
6290 6397
6398 6396
6397 6399
6400 6399
6399 6398
6399 6401
6402 6400
6401 6403
6404 6403
6403 6402
6403 6405
6406 6405
6405 6404
6405 6407
6408 6406
6407 6409
6410 6409
6409 6408
6409 6411
6412 6411
6411 6410
6411 6413
6414 6412
6413 6415
6415 6414
6413 6416
6416 6415
6407 6417
6418 6416
6417 6419
6420 6418
6419 6421
6421 6420
6419 6422
6422 6421
6417 6423
6424 6422
6423 6425
6425 6424
6423 6426
6426 6425
6401 6427
6428 6427
6427 6426
6427 6429
6430 6429
6429 6428
6429 6431
6432 6431
6431 6430
6431 6433
6434 6432
6433 6435
6436 6434
6435 6437
6438 6436
6437 6439
6439 6438
6437 6440
6440 6439
6435 6441
6442 6440
6441 6443
6443 6442
6441 6444
6444 6443
6433 6445
6446 6444
6445 6447
6448 6446
6447 6449
6449 6448
6447 6450
6450 6449
6445 6451
6452 6451
6451 6450
6451 6453
6453 6452
6397 6454
6455 6453
6454 6456
6457 6455
6456 6458
6459 6457
6458 6460
6461 6459
6460 6462
6462 6461
6460 6463
6463 6462
6458 6464
6465 6463
6464 6466
6466 6465
6464 6467
6467 6466
6456 6468
6469 6467
6468 6470
6471 6469
6470 6472
6472 6471
6470 6473
6473 6472
6468 6474
6475 6474
6474 6473
6474 6476
6477 6476
6476 6475
6476 6478
6478 6477
6454 6479
6480 6479
6479 6478
6479 6481
6482 6481
6481 6480
6481 6483
6484 6482
6483 6485
6486 6485
6485 6484
6485 6487
6488 6487
6487 6486
6487 6489
6490 6489
6489 6488
6489 6491
6492 6490
6491 6493
6493 6492
6491 6494
6494 6493
6483 6495
6496 6494
6495 6497
6498 6497
6497 6496
6497 6499
6499 6498
6495 6500
6501 6499
6500 6502
6502 6501
6500 6503
6503 6502
6288 6504
6505 6504
6504 6503
6504 6506
6507 6506
6506 6505
6506 6508
6509 6507
6508 6510
6511 6510
6510 6509
6510 6512
6513 6511
6512 6514
6515 6513
6514 6516
6517 6516
6516 6515
6516 6518
6519 6517
6518 6520
6521 6519
6520 6522
6523 6521
6522 6524
6524 6523
6522 6525
6525 6524
6520 6526
6527 6525
6526 6528
6528 6527
6526 6529
6529 6528
6518 6530
6531 6530
6530 6529
6530 6532
6533 6532
6532 6531
6532 6534
6535 6533
6534 6536
6536 6535
6534 6537
6538 6537
6537 6536
6537 6539
6539 6538
6514 6540
6541 6539
6540 6542
6543 6542
6542 6541
6542 6544
6545 6543
6544 6546
6547 6546
6546 6545
6546 6548
6548 6547
6544 6549
6550 6549
6549 6548
6549 6551
6551 6550
6540 6552
6553 6552
6552 6551
6552 6554
6555 6554
6554 6553
6554 6556
6557 6555
6556 6558
6559 6557
6558 6560
6560 6559
6558 6561
6561 6560
6556 6562
6563 6562
6562 6561
6562 6564
6564 6563
6512 6565
6566 6565
6565 6564
6565 6567
6568 6567
6567 6566
6567 6569
6570 6569
6569 6568
6569 6571
6572 6570
6571 6573
6574 6573
6573 6572
6573 6575
6576 6574
6575 6577
6578 6577
6577 6576
6577 6579
6580 6578
6579 6581
6582 6581
6581 6580
6581 6583
6583 6582
6579 6584
6585 6584
6584 6583
6584 6586
6586 6585
6575 6587
6588 6586
6587 6589
6590 6588
6589 6591
6591 6590
6589 6592
6592 6591
6587 6593
6594 6592
6593 6595
6595 6594
6593 6596
6596 6595
6571 6597
6598 6597
6597 6596
6597 6599
6600 6599
6599 6598
6599 6601
6602 6601
6601 6600
6601 6603
6604 6603
6603 6602
6603 6605
6606 6604
6605 6607
6608 6607
6607 6606
6607 6609
6610 6609
6609 6608
6609 6611
6611 6610
6605 6612
6613 6612
6612 6611
6612 6614
6615 6613
6614 6616
6616 6615
6614 6617
6617 6616
6508 6618
6619 6617
6618 6620
6621 6619
6620 6622
6623 6621
6622 6624
6625 6624
6624 6623
6624 6626
6627 6625
6626 6628
6629 6628
6628 6627
6628 6630
6630 6629
6626 6631
6632 6630
6631 6633
6633 6632
6631 6634
6634 6633
6622 6635
6636 6634
6635 6637
6638 6637
6637 6636
6637 6639
6640 6639
6639 6638
6639 6641
6641 6640
6635 6642
6643 6641
6642 6644
6644 6643
6642 6645
6645 6644
6620 6646
6647 6645
6646 6648
6649 6648
6648 6647
6648 6650
6651 6650
6650 6649
6650 6652
6653 6651
6652 6654
6655 6654
6654 6653
6654 6656
6656 6655
6652 6657
6658 6657
6657 6656
6657 6659
6659 6658
6646 6660
6661 6659
6660 6662
6663 6661
6662 6664
6664 6663
6662 6665
6665 6664
6660 6666
6667 6666
6666 6665
6666 6668
6669 6667
6668 6670
6670 6669
6668 6671
6671 6670
6618 6672
6673 6672
6672 6671
6672 6674
6675 6673
6674 6676
6677 6675
6676 6678
6679 6678
6678 6677
6678 6680
6681 6680
6680 6679
6680 6682
6683 6682
6682 6681
6682 6684
6685 6684
6684 6683
6684 6686
6687 6685
6686 6688
6688 6687
6686 6689
6689 6688
6676 6690
6691 6689
6690 6692
6693 6691
6692 6694
6694 6693
6692 6695
6695 6694
6690 6696
6697 6696
6696 6695
6696 6698
6699 6698
6698 6697
6698 6700
6700 6699
6674 6701
6702 6701
6701 6700
6701 6703
6704 6702
6703 6705
6706 6705
6705 6704
6705 6707
6708 6706
6707 6709
6710 6709
6709 6708
6709 6711
6711 6710
6707 6712
6713 6711
6712 6714
6714 6713
6712 6715
6715 6714
6703 6716
6717 6715
6716 6718
6719 6717
6718 6720
6720 6719
6718 6721
6721 6720
6716 6722
6723 6722
6722 6721
6722 6724
6725 6723
6724 6726
6726 6725
6724 6727
6727 6726
6284 6728
6729 6727
6728 6730
6731 6730
6730 6729
6730 6732
6733 6731
6732 6734
6735 6733
6734 6736
6737 6736
6736 6735
6736 6738
6739 6737
6738 6740
6741 6740
6740 6739
6740 6742
6743 6742
6742 6741
6742 6744
6745 6744
6744 6743
6744 6746
6747 6745
6746 6748
6749 6747
6748 6750
6751 6750
6750 6749
6750 6752
6752 6751
6748 6753
6754 6752
6753 6755
6755 6754
6753 6756
6756 6755
6746 6757
6758 6756
6757 6759
6760 6759
6759 6758
6759 6761
6761 6760
6757 6762
6763 6761
6762 6764
6764 6763
6762 6765
6765 6764
6738 6766
6767 6765
6766 6768
6769 6768
6768 6767
6768 6770
6771 6769
6770 6772
6773 6772
6772 6771
6772 6774
6774 6773
6770 6775
6776 6774
6775 6777
6777 6776
6775 6778
6778 6777
6766 6779
6780 6779
6779 6778
6779 6781
6782 6781
6781 6780
6781 6783
6784 6782
6783 6785
6786 6784
6785 6787
6787 6786
6785 6788
6788 6787
6783 6789
6790 6789
6789 6788
6789 6791
6791 6790
6734 6792
6793 6791
6792 6794
6795 6793
6794 6796
6797 6796
6796 6795
6796 6798
6799 6798
6798 6797
6798 6800
6801 6799
6800 6802
6803 6802
6802 6801
6802 6804
6804 6803
6800 6805
6806 6804
6805 6807
6807 6806
6805 6808
6808 6807
6794 6809
6810 6809
6809 6808
6809 6811
6812 6811
6811 6810
6811 6813
6814 6813
6813 6812
6813 6815
6816 6814
6815 6817
6817 6816
6815 6818
6818 6817
6792 6819
6820 6818
6819 6821
6822 6820
6821 6823
6824 6822
6823 6825
6825 6824
6823 6826
6826 6825
6821 6827
6828 6827
6827 6826
6827 6829
6830 6828
6829 6831
6831 6830
6829 6832
6832 6831
6819 6833
6834 6832
6833 6835
6836 6834
6835 6837
6837 6836
6835 6838
6838 6837
6833 6839
6840 6839
6839 6838
6839 6841
6842 6841
6841 6840
6841 6843
6843 6842
6732 6844
6845 6844
6844 6843
6844 6846
6847 6846
6846 6845
6846 6848
6849 6848
6848 6847
6848 6850
6851 6849
6850 6852
6853 6851
6852 6854
6855 6854
6854 6853
6854 6856
6857 6855
6856 6858
6859 6858
6858 6857
6858 6860
6861 6860
6860 6859
6860 6862
6863 6862
6862 6861
6862 6864
6865 6864
6864 6863
6864 6866
6866 6865
6856 6867
6868 6867
6867 6866
6867 6869
6870 6868
6869 6871
6872 6871
6871 6870
6871 6873
6873 6872
6869 6874
6875 6874
6874 6873
6874 6876
6876 6875
6852 6877
6878 6877
6877 6876
6877 6879
6880 6878
6879 6881
6882 6880
6881 6883
6884 6882
6883 6885
6885 6884
6883 6886
6886 6885
6881 6887
6888 6887
6887 6886
6887 6889
6890 6888
6889 6891
6891 6890
6889 6892
6892 6891
6879 6893
6894 6892
6893 6895
6896 6895
6895 6894
6895 6897
6897 6896
6893 6898
6899 6898
6898 6897
6898 6900
6901 6899
6900 6902
6902 6901
6900 6903
6903 6902
6850 6904
6905 6904
6904 6903
6904 6906
6907 6906
6906 6905
6906 6908
6909 6907
6908 6910
6911 6909
6910 6912
6913 6911
6912 6914
6915 6914
6914 6913
6914 6916
6916 6915
6912 6917
6918 6916
6917 6919
6919 6918
6917 6920
6920 6919
6910 6921
6922 6921
6921 6920
6921 6923
6924 6922
6923 6925
6926 6924
6925 6927
6927 6926
6925 6928
6928 6927
6923 6929
6930 6928
6929 6931
6931 6930
6929 6932
6932 6931
6908 6933
6934 6933
6933 6932
6933 6935
6936 6934
6935 6937
6938 6937
6937 6936
6937 6939
6940 6938
6939 6941
6942 6941
6941 6940
6941 6943
6943 6942
6939 6944
6945 6943
6944 6946
6946 6945
6944 6947
6947 6946
6935 6948
6949 6947
6948 6950
6951 6949
6950 6952
6952 6951
6950 6953
6953 6952
6948 6954
6955 6954
6954 6953
6954 6956
6956 6955
6728 6957
6958 6957
6957 6956
6957 6959
6960 6958
6959 6961
6962 6961
6961 6960
6961 6963
6964 6962
6963 6965
6966 6964
6965 6967
6968 6967
6967 6966
6967 6969
6970 6969
6969 6968
6969 6971
6972 6970
6971 6973
6974 6972
6973 6975
6976 6974
6975 6977
6977 6976
6975 6978
6978 6977
6973 6979
6980 6978
6979 6981
6981 6980
6979 6982
6982 6981
6971 6983
6984 6983
6983 6982
6983 6985
6986 6984
6985 6987
6988 6986
6987 6989
6989 6988
6987 6990
6990 6989
6985 6991
6992 6991
6991 6990
6991 6993
6993 6992
6965 6994
6995 6994
6994 6993
6994 6996
6997 6995
6996 6998
6999 6998
6998 6997
6998 7000
7001 7000
7000 6999
7000 7002
7003 7001
7002 7004
7004 7003
7002 7005
7006 7004
7005 7007
7007 7006
7005 7008
7008 7007
6996 7009
7010 7009
7009 7008
7009 7011
7012 7010
7011 7013
7014 7012
7013 7015
7015 7014
7013 7016
7016 7015
7011 7017
7018 7017
7017 7016
7017 7019
7019 7018
6963 7020
7021 7020
7020 7019
7020 7022
7023 7022
7022 7021
7022 7024
7025 7024
7024 7023
7024 7026
7027 7025
7026 7028
7029 7028
7028 7027
7028 7030
7031 7029
7030 7032
7033 7031
7032 7034
7035 7033
7034 7036
7036 7035
7034 7037
7037 7036
7032 7038
7039 7037
7038 7040
7040 7039
7038 7041
7041 7040
7030 7042
7043 7041
7042 7044
7045 7044
7044 7043
7044 7046
7046 7045
7042 7047
7048 7046
7047 7049
7049 7048
7047 7050
7050 7049
7026 7051
7052 7050
7051 7053
7054 7053
7053 7052
7053 7055
7056 7054
7055 7057
7058 7057
7057 7056
7057 7059
7059 7058
7055 7060
7061 7059
7060 7062
7062 7061
7060 7063
7063 7062
7051 7064
7065 7063
7064 7066
7067 7065
7066 7068
7068 7067
7066 7069
7069 7068
7064 7070
7071 7069
7070 7072
7072 7071
7070 7073
7073 7072
6959 7074
7075 7074
7074 7073
7074 7076
7077 7075
7076 7078
7079 7078
7078 7077
7078 7080
7081 7080
7080 7079
7080 7082
7083 7082
7082 7081
7082 7084
7085 7083
7084 7086
7087 7086
7086 7085
7086 7088
7089 7088
7088 7087
7088 7090
7091 7089
7090 7092
7093 7092
7092 7091
7092 7094
7095 7094
7094 7093
7094 7096
7097 7095
7096 7098
7098 7097
7096 7099
7099 7098
7090 7100
7101 7100
7100 7099
7100 7102
7103 7101
7102 7104
7104 7103
7102 7105
7106 7105
7105 7104
7105 7107
7107 7106
7084 7108
7109 7108
7108 7107
7108 7110
7111 7110
7110 7109
7110 7112
7113 7112
7112 7111
7112 7114
7115 7113
7114 7116
7117 7116
7116 7115
7116 7118
7119 7118
7118 7117
7118 7120
7121 7119
7120 7122
7122 7121
7120 7123
7123 7122
7114 7124
7125 7123
7124 7126
7127 7125
7126 7128
7128 7127
7126 7129
7129 7128
7124 7130
7131 7129
7130 7132
7132 7131
7130 7133
7133 7132
7076 7134
7135 7134
7134 7133
7134 7136
7137 7135
7136 7138
7139 7137
7138 7140
7141 7140
7140 7139
7140 7142
7143 7142
7142 7141
7142 7144
7145 7143
7144 7146
7147 7146
7146 7145
7146 7148
7148 7147
7144 7149
7150 7149
7149 7148
7149 7151
7151 7150
7138 7152
7153 7151
7152 7154
7155 7153
7154 7156
7156 7155
7154 7157
7157 7156
7152 7158
7159 7157
7158 7160
7160 7159
7158 7161
7161 7160
7136 7162
7163 7161
7162 7164
7165 7163
7164 7166
7167 7166
7166 7165
7166 7168
7169 7167
7168 7170
7170 7169
7168 7171
7171 7170
7164 7172
7173 7172
7172 7171
7172 7174
7175 7173
7174 7176
7176 7175
7174 7177
7177 7176
7162 7178
7179 7177
7178 7180
7181 7179
7180 7182
7182 7181
7180 7183
7183 7182
7178 7184
7185 7184
7184 7183
7184 7186
7187 7186
7186 7185
7186 7188
7188 7187
